1,1,1.00,196.27,183.47,191.93,1,4,1
1,2,171.73,215.47,180.20,122.60,1,3,1
1,3,426.67,93.87,98.06,61.80,1,3,1
1,4,382.93,54.40,344.47,298.60,1,5,1
1,6,617.60,26.67,59.67,47.93,1,4,1
2,1,1.00,202.67,171.95,187.24,1,4,1
2,2,150.40,224.43,189.80,122.38,1,3,1
2,3,420.69,96.00,98.92,63.08,1,3,1
2,4,389.60,53.60,340.73,292.20,1,5,1
2,6,613.97,27.73,60.95,47.29,1,4,1
3,1,1.00,209.07,160.43,182.54,1,4,1
3,2,129.07,233.39,199.40,122.17,1,3,1
3,3,414.72,98.13,99.77,64.36,1,3,1
3,4,396.27,52.80,337.00,285.80,1,5,1
3,6,610.35,28.80,62.22,46.65,1,4,1
4,1,1.00,215.47,148.91,177.85,1,4,1
4,2,107.73,242.35,209.00,121.96,1,3,1
4,3,408.75,100.27,100.62,65.64,1,3,1
4,4,402.93,52.00,333.27,279.40,1,5,1
4,5,580.48,26.03,53.05,39.83,1,3,1
4,6,606.72,29.87,63.51,46.01,1,4,1
5,1,1.00,221.87,137.39,173.16,1,4,1
5,2,86.40,251.31,218.60,121.74,1,3,1
5,3,402.77,102.40,101.48,66.92,1,3,1
5,4,409.60,51.20,329.53,273.00,1,5,1
5,5,577.71,25.81,54.76,40.68,1,3,1
5,6,603.09,30.93,64.79,45.37,1,4,1
6,1,1.00,228.27,125.87,168.46,1,4,1
6,2,65.07,260.27,228.20,121.53,1,3,1
6,3,396.80,104.53,102.33,68.20,1,3,1
6,4,416.11,50.24,325.05,268.95,1,5,1
6,5,574.93,25.60,56.47,41.53,1,3,1
6,6,599.47,32.00,66.06,44.73,1,4,1
7,1,1.00,230.61,113.49,156.10,1,4,1
7,2,52.48,270.08,218.60,126.23,1,3,1
7,3,393.17,107.09,102.55,69.48,1,3,1
7,4,422.61,49.28,320.58,264.89,1,5,1
7,5,571.31,28.16,56.89,42.39,1,3,1
7,6,596.69,34.35,67.56,45.16,1,4,1
8,1,1.00,232.96,101.12,143.72,1,4,1
8,2,39.89,279.89,209.00,130.92,1,3,1
8,3,389.55,109.65,102.76,70.76,1,3,1
8,4,429.12,48.32,316.09,260.84,1,5,1
8,5,567.68,30.72,57.32,43.24,1,3,1
8,6,593.92,36.69,69.05,45.59,1,4,1
9,1,1.00,235.31,88.75,131.34,1,4,1
9,2,27.31,289.71,199.40,135.61,1,3,1
9,3,385.92,112.21,102.97,72.04,1,3,1
9,4,435.63,47.36,311.61,256.79,1,5,1
9,5,564.05,33.28,57.75,44.09,1,3,1
9,6,591.15,39.04,70.54,46.01,1,4,1
10,1,1.00,237.65,76.37,118.98,1,4,1
10,2,14.72,299.52,189.80,140.31,1,3,1
10,3,382.29,114.77,103.19,73.32,1,3,1
10,4,442.13,46.40,307.14,252.73,1,5,1
10,5,560.43,35.84,58.17,44.95,1,3,1
10,6,588.37,41.39,72.04,46.44,1,4,1
11,1,1.00,240.00,64.00,106.60,1,4,1
11,2,1.00,309.33,181.33,145.00,1,3,1
11,3,378.67,117.33,103.40,74.60,1,3,1
11,4,448.64,45.44,302.65,248.68,1,5,1
11,5,556.80,38.40,58.60,45.80,1,3,1
11,6,585.60,43.73,73.53,46.87,1,4,1
12,2,1.00,316.16,161.71,139.03,1,3,1
12,3,367.36,119.47,106.60,78.65,1,3,1
12,4,455.15,44.48,298.17,244.63,1,5,1
12,5,552.75,39.25,57.53,44.73,1,3,1
12,6,581.76,44.59,72.68,47.08,1,4,1
13,2,1.00,322.99,142.08,133.05,1,3,1
13,3,356.05,121.60,109.80,82.71,1,3,1
13,4,461.65,43.52,293.70,240.57,1,5,1
13,5,548.69,40.11,56.47,43.67,1,3,1
13,6,577.92,45.44,71.83,47.29,1,4,1
14,2,1.00,329.81,122.45,127.08,1,3,1
14,3,344.75,123.73,113.00,86.76,1,3,1
14,4,468.16,42.56,289.21,236.52,1,5,1
14,5,544.64,40.96,55.40,42.60,1,3,1
14,6,574.08,46.29,70.97,47.51,1,4,1
15,2,1.00,336.64,102.83,121.11,1,3,1
15,3,333.44,125.87,116.20,90.81,1,3,1
15,4,474.67,41.60,284.73,232.47,1,5,1
15,5,540.59,41.81,54.33,41.53,1,3,1
15,6,570.24,47.15,70.12,47.72,1,4,1
16,2,1.00,343.47,83.20,115.13,1,3,1
16,3,322.13,128.00,119.40,94.87,1,3,1
16,4,480.64,40.00,281.00,229.80,1,5,1
16,5,536.53,42.67,53.27,40.47,1,3,1
16,6,566.40,48.00,69.27,47.93,1,4,1
16,7,710.40,1.00,56.47,40.53,1,3,1
17,3,315.09,132.91,121.54,94.01,1,3,1
17,4,486.61,38.40,277.27,227.13,1,5,1
17,5,532.05,44.59,53.48,40.47,1,3,1
17,6,563.20,49.71,68.20,48.15,1,4,1
17,7,708.69,1.00,56.90,40.53,1,3,1
18,3,308.05,137.81,123.67,93.16,1,3,1
18,4,492.59,36.80,273.53,224.47,1,5,1
18,5,527.57,46.51,53.70,40.47,1,3,1
18,6,560.00,51.41,67.13,48.36,1,4,1
18,7,706.99,1.00,57.32,40.53,1,3,1
19,3,301.01,142.72,125.80,92.31,1,3,1
19,4,498.56,35.20,269.80,221.80,1,5,1
19,5,523.09,48.43,53.91,40.47,1,3,1
19,6,556.80,53.12,66.07,48.57,1,4,1
19,7,705.28,1.00,57.75,40.53,1,3,1
20,3,293.97,147.63,127.94,91.45,1,3,1
20,4,504.53,33.60,266.07,219.13,1,5,1
20,5,518.61,50.35,54.12,40.47,1,3,1
20,6,553.60,54.83,65.00,48.78,1,4,1
20,7,703.57,1.00,58.18,40.53,1,3,1
21,3,286.93,152.53,130.07,90.60,1,3,1
21,4,510.51,32.00,262.33,216.47,1,5,1
21,5,514.13,52.27,54.34,40.47,1,3,1
21,6,550.40,56.53,63.93,49.00,1,4,1
21,7,701.87,1.00,58.60,40.53,1,3,1
22,3,278.19,154.67,132.84,91.45,1,3,1
22,4,516.48,30.40,258.60,213.80,1,5,1
22,5,509.87,53.33,56.68,41.75,1,3,1
22,6,545.07,56.96,65.85,51.99,1,4,1
22,7,699.52,1.00,59.03,41.17,1,3,1
23,3,269.44,156.80,135.61,92.31,1,3,1
23,4,522.45,28.80,254.87,211.13,1,5,1
23,5,505.60,54.40,59.03,43.03,1,3,1
23,6,539.73,57.39,67.78,54.97,1,4,1
23,7,697.17,6.61,59.46,36.20,1,3,1
24,3,260.69,158.93,138.39,93.16,1,3,1
24,4,528.43,27.20,251.13,208.47,1,5,1
24,5,501.33,55.47,61.38,44.31,1,3,1
24,6,534.40,57.81,69.69,57.96,1,4,1
24,7,694.83,7.25,59.88,36.20,1,3,1
25,3,251.95,161.07,141.16,94.01,1,3,1
25,4,534.40,25.60,247.40,205.80,1,5,1
25,5,497.07,56.53,63.72,45.59,1,3,1
25,6,529.07,58.24,71.61,60.95,1,4,1
25,7,692.48,7.89,60.31,36.20,1,3,1
26,3,243.20,163.20,143.93,94.87,1,3,1
26,4,539.20,24.75,244.73,203.13,1,5,1
26,5,492.80,57.60,66.07,46.87,1,3,1
26,6,523.73,58.67,73.54,63.93,1,4,1
26,7,690.13,8.53,60.74,36.20,1,3,1
27,3,233.60,167.04,144.57,97.43,1,3,1
27,4,544.00,23.89,242.07,200.47,1,5,1
27,5,488.11,58.88,65.85,46.23,1,3,1
27,6,519.25,61.01,73.11,63.30,1,4,1
27,7,688.85,9.39,59.88,37.27,1,3,1
28,3,224.00,170.88,145.21,99.99,1,3,1
28,4,548.80,23.04,239.40,197.80,1,5,1
28,5,483.41,60.16,65.64,45.59,1,3,1
28,6,514.77,63.36,72.68,62.65,1,4,1
28,7,687.57,10.24,59.03,38.33,1,3,1
29,3,214.40,174.72,145.85,102.55,1,3,1
29,4,553.60,22.19,236.73,195.13,1,5,1
29,5,478.72,61.44,65.43,44.95,1,3,1
29,6,510.29,65.71,72.26,62.01,1,4,1
29,7,686.29,11.09,58.18,39.40,1,3,1
30,3,204.80,178.56,146.49,105.11,1,3,1
30,4,558.40,21.33,234.07,192.47,1,5,1
30,5,474.03,62.72,65.21,44.31,1,3,1
30,6,505.81,68.05,71.83,61.38,1,4,1
30,7,685.01,11.95,57.32,40.47,1,3,1
31,3,195.20,182.40,147.13,107.67,1,3,1
31,4,563.20,20.48,231.40,189.80,1,5,1
31,5,469.33,64.00,65.00,43.67,1,3,1
31,6,501.33,70.40,71.40,60.73,1,4,1
31,7,683.73,12.80,56.47,41.53,1,3,1
32,3,183.25,186.88,150.55,109.37,1,3,1
32,4,568.00,19.63,228.73,187.13,1,5,1
32,5,464.64,65.49,66.92,44.52,1,3,1
32,6,495.36,72.53,74.81,62.02,1,4,1
32,7,681.81,13.65,54.76,40.68,1,3,1
33,3,171.31,191.36,153.96,111.08,1,3,1
33,4,572.80,18.77,226.07,184.47,1,5,1
33,5,459.95,66.99,68.84,45.37,1,3,1
33,6,489.39,74.67,78.22,63.29,1,4,1
33,7,679.89,14.51,53.06,39.83,1,3,1
34,3,159.36,195.84,157.37,112.79,1,3,1
34,4,577.60,17.92,223.40,181.80,1,5,1
34,5,455.25,68.48,70.76,46.23,1,3,1
34,6,483.41,76.80,81.64,64.57,1,4,1
34,7,677.97,15.36,51.35,38.97,1,3,1
35,3,147.41,200.32,160.79,114.49,1,3,1
35,4,582.40,17.07,220.73,179.13,1,5,1
35,5,450.56,69.97,72.68,47.08,1,3,1
35,6,477.44,78.93,85.05,65.86,1,4,1
35,7,676.05,16.21,49.64,38.12,1,3,1
36,3,135.47,204.80,164.20,116.20,1,3,1
36,4,586.45,16.32,218.71,176.57,1,5,1
36,5,445.87,71.47,74.60,47.93,1,3,1
36,6,471.47,81.07,88.46,67.13,1,4,1
36,7,674.13,17.07,47.94,37.27,1,3,1
37,3,119.89,209.28,171.24,120.68,1,3,1
37,4,590.51,15.57,216.68,174.02,1,5,1
37,5,439.04,73.81,76.52,48.36,1,3,1
37,6,467.41,82.77,88.47,68.20,1,4,1
37,7,671.15,17.92,50.06,37.48,1,3,1
38,3,104.32,213.76,178.28,125.16,1,3,1
38,4,594.56,14.83,214.65,171.45,1,5,1
38,5,432.21,76.16,78.44,48.79,1,3,1
38,6,463.36,84.48,88.47,69.27,1,4,1
38,7,668.16,18.77,52.20,37.69,1,3,1
39,3,88.75,218.24,185.32,129.64,1,3,1
39,4,598.61,14.08,212.63,168.89,1,5,1
39,5,425.39,78.51,80.36,49.21,1,3,1
39,6,459.31,86.19,88.46,70.33,1,4,1
39,7,665.17,19.63,54.34,37.91,1,3,1
40,3,73.17,222.72,192.36,134.12,1,3,1
40,4,602.67,13.33,210.60,166.34,1,5,1
40,5,418.56,80.85,82.28,49.64,1,3,1
40,6,455.25,87.89,88.47,71.40,1,4,1
40,7,662.19,20.48,56.46,38.12,1,3,1
41,3,57.60,227.20,199.40,138.60,1,3,1
41,4,606.72,12.59,208.57,163.77,1,5,1
41,5,411.73,83.20,84.20,50.07,1,3,1
41,6,451.20,89.60,88.47,72.47,1,4,1
41,7,659.20,21.33,58.60,38.33,1,3,1
42,3,46.51,233.60,198.97,140.95,1,3,1
42,4,610.77,11.84,206.55,161.21,1,5,1
42,5,407.04,85.12,84.63,50.92,1,3,1
42,6,443.95,91.52,91.45,73.32,1,4,1
42,7,656.21,23.04,59.24,37.48,1,3,1
43,3,35.41,240.00,198.55,143.29,1,3,1
43,4,614.83,11.09,204.52,158.66,1,5,1
43,5,402.35,87.04,85.05,51.77,1,3,1
43,6,436.69,93.44,94.44,74.17,1,4,1
43,7,653.23,24.75,59.88,36.63,1,3,1
44,3,24.32,246.40,198.12,145.64,1,3,1
44,4,618.88,10.35,202.49,156.09,1,5,1
44,5,397.65,88.96,85.48,52.63,1,3,1
44,6,429.44,95.36,97.43,75.03,1,4,1
44,7,650.24,26.45,60.52,35.77,1,3,1
45,3,13.23,252.80,197.69,147.99,1,3,1
45,4,622.93,9.60,200.47,153.53,1,5,1
45,5,392.96,90.88,85.91,53.48,1,3,1
45,6,422.19,97.28,100.41,75.88,1,4,1
45,7,647.25,28.16,61.16,34.92,1,3,1
46,3,1.00,259.20,198.40,150.33,1,3,1
46,4,626.67,8.64,197.69,151.72,1,5,1
46,5,388.27,92.80,86.33,54.33,1,3,1
46,6,414.93,99.20,103.40,76.73,1,4,1
46,7,644.27,29.87,61.80,34.07,1,3,1
47,3,1.00,264.32,184.53,148.41,1,3,1
47,4,630.40,7.68,194.92,149.91,1,5,1
47,5,380.59,95.15,89.96,53.90,1,3,1
47,6,407.89,101.76,105.54,76.95,1,4,1
47,7,640.85,29.44,63.08,35.35,1,3,1
48,3,1.00,269.44,170.67,146.49,1,3,1
48,4,634.13,6.72,192.15,148.09,1,5,1
48,5,372.91,97.49,93.58,53.48,1,3,1
48,6,400.85,104.32,107.67,77.16,1,4,1
48,7,637.44,29.01,64.36,36.63,1,3,1
49,3,1.00,274.56,156.80,144.57,1,3,1
49,4,637.87,1.00,189.37,151.04,1,5,1
49,5,365.23,99.84,97.21,53.05,1,3,1
49,6,393.81,106.88,109.80,77.37,1,4,1
49,7,634.03,28.59,65.64,37.91,1,3,1
50,3,1.00,279.68,142.93,142.65,1,3,1
50,4,641.60,1.00,186.60,148.27,1,5,1
50,5,357.55,102.19,100.84,52.62,1,3,1
50,6,386.77,109.44,111.94,77.59,1,4,1
50,7,630.61,28.16,66.92,39.19,1,3,1
51,3,1.00,284.80,129.07,140.73,1,3,1
51,4,645.33,1.00,183.83,145.49,1,5,1
51,5,349.87,104.53,104.46,52.20,1,3,1
51,6,379.73,112.00,114.07,77.80,1,4,1
51,7,627.20,27.73,68.20,40.47,1,3,1
52,3,1.00,291.63,112.43,136.46,1,3,1
52,4,649.07,1.00,181.05,142.72,1,5,1
52,5,344.32,107.31,102.55,51.13,1,3,1
52,6,370.13,115.84,115.99,79.29,1,4,1
52,7,625.71,28.80,67.13,42.17,1,3,1
53,3,1.00,298.45,95.79,132.20,1,3,1
53,4,652.80,1.00,178.28,139.95,1,5,1
53,5,338.77,110.08,100.63,50.07,1,3,1
53,6,360.53,119.68,117.91,80.79,1,4,1
53,7,624.21,29.87,66.07,43.88,1,3,1
54,3,1.00,305.28,79.15,127.93,1,3,1
54,4,656.53,1.00,175.51,137.17,1,5,1
54,5,333.23,112.85,98.70,49.00,1,3,1
54,6,350.93,123.52,119.83,82.28,1,4,1
54,7,622.72,30.93,65.00,45.59,1,3,1
55,3,1.00,312.11,62.51,123.66,1,3,1
55,4,660.27,1.00,172.73,134.40,1,5,1
55,5,327.68,115.63,96.79,47.93,1,3,1
55,6,341.33,127.36,121.75,83.77,1,4,1
55,7,621.23,32.00,63.93,47.29,1,3,1
56,3,1.00,318.93,45.87,119.40,1,3,1
56,4,663.18,1.00,171.08,132.56,1,5,1
56,5,322.13,118.40,94.87,46.87,1,3,1
56,6,331.73,131.20,123.67,85.27,1,4,1
56,7,619.73,33.07,62.87,49.00,1,3,1
57,4,666.08,1.00,169.44,130.72,1,5,1
57,5,315.09,120.11,94.87,48.36,1,3,1
57,6,320.85,131.63,127.72,91.88,1,4,1
57,7,615.04,34.77,66.28,48.57,1,3,1
58,4,668.99,1.00,167.79,128.87,1,5,1
58,5,308.05,121.81,94.87,49.86,1,3,1
58,6,309.97,132.05,131.78,98.50,1,4,1
58,7,610.35,36.48,69.69,48.15,1,3,1
59,4,671.90,1.00,166.14,127.03,1,5,1
59,5,301.01,123.52,94.87,51.35,1,3,1
59,6,299.09,132.48,135.83,105.11,1,4,1
59,7,605.65,38.19,73.11,47.72,1,3,1
60,4,674.81,1.00,164.49,125.19,1,5,1
60,5,293.97,125.23,94.87,52.84,1,3,1
60,6,288.21,132.91,139.88,111.72,1,4,1
60,7,600.96,39.89,76.52,47.29,1,3,1
61,4,677.72,1.00,162.84,123.35,1,5,1
61,5,286.93,126.93,94.87,54.34,1,3,1
61,6,277.33,133.33,143.94,118.34,1,4,1
61,7,596.27,41.60,79.93,46.87,1,3,1
62,4,680.63,1.00,161.19,121.50,1,5,1
62,5,278.40,129.07,99.99,55.61,1,3,1
62,6,270.08,139.73,141.59,116.42,1,4,1
62,7,592.85,41.60,81.86,48.15,1,3,1
63,4,683.54,1.00,159.54,119.66,1,5,1
63,5,269.87,131.20,105.10,56.89,1,3,1
63,6,262.83,146.13,139.24,114.50,1,4,1
63,7,589.44,41.60,83.77,49.43,1,3,1
64,4,686.45,1.00,157.90,117.82,1,5,1
64,5,261.33,133.33,110.23,58.18,1,3,1
64,6,255.57,152.53,136.90,112.58,1,4,1
64,7,586.03,41.60,85.69,50.71,1,3,1
65,4,689.36,1.00,156.25,115.98,1,5,1
65,5,252.80,135.47,115.35,59.45,1,3,1
65,6,248.32,158.93,134.55,110.66,1,4,1
65,7,582.61,41.60,87.62,51.99,1,3,1
66,4,692.27,1.00,154.60,114.13,1,5,1
66,5,244.27,137.60,120.46,60.73,1,3,1
66,6,241.07,165.33,132.20,108.74,1,4,1
66,7,579.20,41.60,89.53,53.27,1,3,1
67,4,694.88,1.00,153.34,112.29,1,5,1
67,5,240.43,139.31,118.12,60.52,1,3,1
67,6,229.12,167.68,133.48,109.59,1,4,1
67,7,576.00,43.95,89.32,53.69,1,3,1
68,4,697.50,1.00,152.08,110.45,1,5,1
68,5,236.59,141.01,115.77,60.31,1,3,1
68,6,217.17,170.03,134.76,110.44,1,4,1
68,7,572.80,46.29,89.11,54.12,1,3,1
69,4,700.12,1.00,150.82,108.61,1,5,1
69,5,232.75,142.72,113.42,60.09,1,3,1
69,6,205.23,172.37,136.04,111.30,1,4,1
69,7,569.60,48.64,88.89,54.55,1,3,1
70,4,702.74,1.00,149.56,106.76,1,5,1
70,5,228.91,144.43,111.08,59.88,1,3,1
70,6,193.28,174.72,137.32,112.15,1,4,1
70,7,566.40,50.99,88.68,54.97,1,3,1
71,4,705.36,1.00,148.29,104.92,1,5,1
71,5,225.07,146.13,108.73,59.67,1,3,1
71,6,181.33,177.07,138.60,113.00,1,4,1
71,7,563.20,53.33,88.47,55.40,1,3,1
72,4,707.98,1.00,147.03,103.08,1,5,1
72,5,216.11,151.04,108.94,58.39,1,3,1
72,6,163.84,182.19,148.41,116.20,1,4,1
72,7,559.36,53.97,87.83,54.76,1,3,1
73,4,710.59,1.00,145.78,101.24,1,5,1
73,5,207.15,155.95,109.16,57.10,1,3,1
73,6,146.35,187.31,158.22,119.40,1,4,1
73,7,555.52,54.61,87.19,54.12,1,3,1
74,4,713.21,1.00,144.52,99.39,1,5,1
74,5,198.19,160.85,109.37,55.83,1,3,1
74,6,128.85,192.43,168.04,122.60,1,4,1
74,7,551.68,55.25,86.55,53.48,1,3,1
75,4,715.83,1.00,143.25,97.55,1,5,1
75,5,189.23,165.76,109.58,54.55,1,3,1
75,6,111.36,197.55,177.85,125.80,1,4,1
75,7,547.84,55.89,85.91,52.84,1,3,1
76,4,718.45,1.00,141.99,95.71,1,5,1
76,5,180.27,170.67,109.80,53.26,1,3,1
76,6,93.87,202.67,187.66,129.00,1,4,1
76,7,544.00,56.53,85.27,52.20,1,3,1
76,8,689.07,8.53,52.20,41.53,1,3,1
77,4,721.07,1.00,140.73,93.87,1,5,1
77,5,169.81,172.80,112.58,55.83,1,3,1
77,6,80.64,207.15,191.29,129.42,1,4,1
77,7,541.01,57.60,85.91,53.05,1,3,1
77,8,687.15,9.60,50.49,40.04,1,3,1
78,4,723.78,1.00,139.57,92.22,1,5,1
78,5,159.36,174.93,115.35,58.39,1,3,1
78,6,67.41,211.63,194.92,129.85,1,4,1
78,7,538.03,58.67,86.54,53.90,1,3,1
78,8,685.23,10.67,48.78,38.55,1,3,1
79,4,726.50,1.00,138.40,90.57,1,5,1
79,5,148.91,177.07,118.12,60.94,1,3,1
79,6,54.19,216.11,198.54,130.28,1,4,1
79,7,535.04,59.73,87.19,54.76,1,3,1
79,8,683.31,11.73,47.08,37.05,1,3,1
80,4,729.21,1.00,137.24,88.92,1,5,1
80,5,138.45,179.20,120.90,63.51,1,3,1
80,6,40.96,220.59,202.17,130.70,1,4,1
80,7,532.05,60.80,87.83,55.61,1,3,1
80,8,681.39,12.80,45.37,35.56,1,3,1
81,4,731.93,1.00,136.08,87.27,1,5,1
81,5,128.00,181.33,123.67,66.07,1,3,1
81,6,27.73,225.07,205.80,131.13,1,4,1
81,7,529.07,61.87,88.46,56.46,1,3,1
81,8,679.47,13.87,43.66,34.07,1,3,1
81,9,711.47,12.80,36.20,40.47,1,3,1
82,4,734.64,1.00,134.92,85.62,1,5,1
82,5,117.97,185.81,124.31,65.64,1,3,1
82,6,22.61,231.47,196.20,133.90,1,4,1
82,7,523.95,62.72,89.53,56.89,1,3,1
82,8,677.76,13.65,44.09,35.13,1,3,1
82,9,708.91,13.87,39.40,40.68,1,3,1
83,4,737.36,1.00,133.75,83.98,1,5,1
83,5,107.95,190.29,124.94,65.22,1,3,1
83,6,17.49,237.87,186.60,136.68,1,4,1
83,7,518.83,63.57,90.60,57.32,1,3,1
83,8,676.05,13.44,44.52,36.20,1,3,1
83,9,706.35,14.93,42.60,40.89,1,3,1
84,4,740.07,1.00,132.59,82.33,1,5,1
84,5,97.92,194.77,125.59,64.79,1,3,1
84,6,12.37,244.27,177.00,139.45,1,4,1
84,7,513.71,64.43,91.66,57.74,1,3,1
84,8,674.35,13.23,44.94,37.27,1,3,1
84,9,703.79,16.00,45.80,41.11,1,3,1
85,4,742.79,1.00,131.42,80.68,1,5,1
85,5,87.89,199.25,126.23,64.36,1,3,1
85,6,1.00,250.67,173.65,142.22,1,4,1
85,7,508.59,65.28,92.73,58.17,1,3,1
85,8,672.64,13.01,45.37,38.33,1,3,1
85,9,701.23,17.07,49.00,41.32,1,3,1
86,4,745.50,1.00,130.26,79.03,1,5,1
86,5,77.87,203.73,126.86,63.94,1,3,1
86,6,1.00,257.07,158.93,145.00,1,4,1
86,7,503.47,66.13,93.80,58.60,1,3,1
86,8,670.93,12.80,45.80,39.40,1,3,1
86,9,698.67,18.13,52.20,41.53,1,3,1
87,4,748.22,1.00,129.10,77.38,1,5,1
87,5,63.57,207.79,133.27,65.21,1,3,1
87,6,1.00,260.27,142.29,143.08,1,4,1
87,7,500.48,67.84,92.95,59.67,1,3,1
87,8,669.01,13.65,46.66,39.40,1,3,1
87,9,695.25,19.41,54.76,43.45,1,3,1
88,4,750.93,1.00,127.94,75.73,1,5,1
88,5,49.28,211.84,139.67,66.49,1,3,1
88,6,1.00,263.47,125.65,141.16,1,4,1
88,7,497.49,69.55,92.10,60.73,1,3,1
88,8,667.09,14.51,47.51,39.40,1,3,1
88,9,691.84,20.69,57.32,45.37,1,3,1
89,4,752.87,1.00,127.16,74.57,1,5,1
89,5,34.99,215.89,146.06,67.78,1,3,1
89,6,1.00,266.67,109.01,139.24,1,4,1
89,7,494.51,71.25,91.24,61.80,1,3,1
89,8,665.17,15.36,48.36,39.40,1,3,1
89,9,688.43,21.97,59.88,47.29,1,3,1
90,4,754.81,1.00,126.38,73.41,1,5,1
90,5,20.69,219.95,152.47,69.05,1,3,1
90,6,1.00,269.87,92.37,137.32,1,4,1
90,7,491.52,72.96,90.39,62.87,1,3,1
90,8,663.25,16.21,49.22,39.40,1,3,1
90,9,685.01,23.25,62.44,49.21,1,3,1
91,4,756.75,1.00,125.61,72.24,1,5,1
91,5,1.00,224.00,164.27,70.33,1,3,1
91,6,1.00,273.07,75.73,135.40,1,4,1
91,7,488.53,74.67,89.54,63.93,1,3,1
91,8,661.33,17.07,50.07,39.40,1,3,1
91,9,681.60,24.53,65.00,51.13,1,3,1
92,4,758.69,1.00,124.83,71.08,1,5,1
92,5,1.00,226.77,154.67,75.24,1,3,1
92,7,483.63,76.59,91.02,65.21,1,3,1
92,8,659.84,18.13,50.49,39.61,1,3,1
92,9,677.55,25.81,65.85,50.92,1,3,1
93,4,760.63,1.00,124.05,69.92,1,5,1
93,5,1.00,229.55,145.07,80.14,1,3,1
93,7,478.72,78.51,92.52,66.49,1,3,1
93,8,658.35,19.20,50.92,39.83,1,3,1
93,9,673.49,27.09,66.71,50.71,1,3,1
94,4,762.57,1.00,123.28,68.75,1,5,1
94,5,1.00,232.32,135.47,85.05,1,3,1
94,7,473.81,80.43,94.02,67.77,1,3,1
94,8,656.85,20.27,51.35,40.04,1,3,1
94,9,669.44,28.37,67.56,50.49,1,3,1
95,4,764.51,1.00,122.50,67.59,1,5,1
95,5,1.00,235.09,125.87,89.96,1,3,1
95,7,468.91,82.35,95.50,69.05,1,3,1
95,8,655.36,21.33,51.77,40.25,1,3,1
95,9,665.39,29.65,68.41,50.28,1,3,1
96,4,766.45,1.00,121.73,66.42,1,5,1
96,5,1.00,237.87,116.27,94.86,1,3,1
96,7,464.00,84.27,97.00,70.33,1,3,1
96,8,653.87,22.40,52.20,40.47,1,3,1
96,9,661.33,30.93,69.27,50.07,1,3,1
97,4,768.39,1.00,120.95,65.26,1,5,1
97,5,1.00,242.77,104.75,90.60,1,3,1
97,7,458.67,86.40,97.85,68.41,1,3,1
97,8,650.67,23.25,53.26,39.83,1,3,1
97,9,656.43,32.64,70.97,50.71,1,3,1
98,4,770.33,1.00,120.17,64.10,1,5,1
98,5,1.00,247.68,93.23,86.33,1,3,1
98,7,453.33,88.53,98.71,66.50,1,3,1
98,8,647.47,24.11,54.33,39.19,1,3,1
98,9,651.52,34.35,72.68,51.35,1,3,1
99,4,772.27,1.00,119.40,62.93,1,5,1
99,5,1.00,252.59,81.71,82.06,1,3,1
99,7,448.00,90.67,99.56,64.57,1,3,1
99,8,644.27,24.96,55.40,38.55,1,3,1
99,9,646.61,36.05,74.39,51.99,1,3,1
100,4,774.13,1.00,118.51,61.51,1,5,1
100,5,1.00,257.49,70.19,77.80,1,3,1
100,7,442.67,92.80,100.41,62.65,1,3,1
100,8,641.07,25.81,56.46,37.91,1,3,1
100,9,641.71,37.76,76.09,52.63,1,3,1
101,4,776.00,1.00,117.62,60.09,1,5,1
101,5,1.00,262.40,58.67,73.53,1,3,1
101,7,437.33,94.93,101.27,60.74,1,3,1
101,8,637.87,26.67,57.53,37.27,1,3,1
101,9,636.80,39.47,77.80,53.27,1,3,1
101,10,707.20,1.00,55.40,38.40,1,3,1
102,4,777.87,1.00,116.73,58.67,1,5,1
102,7,430.08,96.43,103.19,62.65,1,3,1
102,8,635.52,27.73,59.45,36.63,1,3,1
102,9,631.89,41.17,79.08,53.69,1,3,1
102,10,705.92,1.00,55.61,39.47,1,3,1
103,4,779.73,1.00,115.85,57.24,1,5,1
103,7,422.83,97.92,105.10,64.57,1,3,1
103,8,633.17,28.80,61.38,35.99,1,3,1
103,9,626.99,42.88,80.36,54.12,1,3,1
103,10,704.64,6.40,55.83,35.13,1,3,1
104,4,781.60,1.00,114.96,55.82,1,5,1
104,7,415.57,99.41,107.03,66.50,1,3,1
104,8,630.83,29.87,63.29,35.35,1,3,1
104,9,622.08,44.59,81.64,54.55,1,3,1
104,10,703.36,7.47,56.04,35.13,1,3,1
105,4,783.47,1.00,114.06,54.40,1,5,1
105,7,408.32,100.91,108.95,68.41,1,3,1
105,8,628.48,30.93,65.21,34.71,1,3,1
105,9,617.17,46.29,82.92,54.98,1,3,1
105,10,702.08,8.53,56.25,35.13,1,3,1
106,4,785.33,1.00,113.18,52.98,1,5,1
106,7,401.07,102.40,110.86,70.33,1,3,1
106,8,626.13,32.00,67.14,34.07,1,3,1
106,9,612.27,48.00,84.20,55.40,1,3,1
106,10,700.80,9.60,56.47,35.13,1,3,1
107,4,787.20,1.00,112.29,51.56,1,5,1
107,7,397.44,104.53,110.01,68.84,1,3,1
107,8,624.43,33.07,66.28,34.71,1,3,1
107,9,607.36,49.71,85.27,55.61,1,3,1
107,10,699.31,10.03,56.89,35.13,1,3,1
108,4,789.07,1.00,111.40,50.13,1,5,1
108,7,393.81,106.67,109.16,67.34,1,3,1
108,8,622.72,34.13,65.43,35.35,1,3,1
108,9,602.45,51.41,86.34,55.83,1,3,1
108,10,697.81,10.45,57.32,35.13,1,3,1
109,4,790.93,1.00,110.51,48.71,1,5,1
109,7,390.19,108.80,108.30,65.85,1,3,1
109,8,621.01,35.20,64.58,35.99,1,3,1
109,9,597.55,53.12,87.40,56.04,1,3,1
109,10,696.32,10.88,57.75,35.13,1,3,1
110,4,792.80,1.00,109.62,47.29,1,5,1
110,7,386.56,110.93,107.45,64.36,1,3,1
110,8,619.31,36.27,63.72,36.63,1,3,1
110,9,592.64,54.83,88.47,56.25,1,3,1
110,10,694.83,11.31,58.17,35.13,1,3,1
111,4,794.67,1.00,108.73,45.87,1,5,1
111,7,382.93,113.07,106.60,62.86,1,3,1
111,8,617.60,37.33,62.87,37.27,1,3,1
111,9,587.73,56.53,89.54,56.47,1,3,1
111,10,693.33,11.73,58.60,35.13,1,3,1
112,4,796.59,1.00,107.34,45.33,1,5,1
112,7,374.19,115.63,110.22,65.85,1,3,1
112,8,615.47,37.97,63.08,37.69,1,3,1
112,9,582.40,58.24,89.53,57.96,1,3,1
112,10,692.05,12.16,58.82,35.13,1,3,1
113,4,798.51,1.00,105.96,44.80,1,5,1
113,7,365.44,118.19,113.85,68.84,1,3,1
113,8,613.33,38.61,63.30,38.12,1,3,1
113,9,577.07,59.95,89.53,59.45,1,3,1
113,10,690.77,12.59,59.03,35.13,1,3,1
114,4,800.43,1.00,104.57,44.27,1,5,1
114,7,356.69,120.75,117.48,71.82,1,3,1
114,8,611.20,39.25,63.51,38.55,1,3,1
114,9,571.73,61.65,89.54,60.95,1,3,1
114,10,689.49,13.01,59.24,35.13,1,3,1
115,4,802.35,1.00,103.18,43.73,1,5,1
115,7,347.95,123.31,121.10,74.81,1,3,1
115,8,609.07,39.89,63.72,38.97,1,3,1
115,9,566.40,63.36,89.53,62.44,1,3,1
115,10,688.21,13.44,59.46,35.13,1,3,1
116,4,804.27,1.00,101.80,43.20,1,5,1
116,7,339.20,125.87,124.73,77.80,1,3,1
116,8,606.93,40.53,63.94,39.40,1,3,1
116,9,561.07,65.07,89.53,63.93,1,3,1
116,10,686.93,13.87,59.67,35.13,1,3,1
117,4,806.19,1.00,100.41,42.67,1,5,1
117,7,331.95,129.49,128.14,77.38,1,3,1
117,8,602.88,41.81,65.00,39.83,1,3,1
117,9,556.37,67.63,91.24,64.14,1,3,1
117,10,684.80,14.93,59.67,35.35,1,3,1
118,4,808.11,1.00,99.02,42.13,1,5,1
118,7,324.69,133.12,131.56,76.95,1,3,1
118,8,598.83,43.09,66.06,40.25,1,3,1
118,9,551.68,70.19,92.95,64.36,1,3,1
118,10,682.67,16.00,59.66,35.56,1,3,1
119,4,810.03,1.00,97.64,41.60,1,5,1
119,7,317.44,136.75,134.97,76.52,1,3,1
119,8,594.77,44.37,67.14,40.68,1,3,1
119,9,546.99,72.75,94.65,64.57,1,3,1
119,10,680.53,17.07,59.67,35.77,1,3,1
120,4,811.95,1.00,96.25,41.07,1,5,1
120,7,310.19,140.37,138.38,76.10,1,3,1
120,8,590.72,45.65,68.20,41.11,1,3,1
120,9,542.29,75.31,96.36,64.78,1,3,1
120,10,678.40,18.13,59.67,35.99,1,3,1
121,4,813.87,1.00,94.86,40.53,1,5,1
121,7,302.93,144.00,141.80,75.67,1,3,1
121,8,586.67,46.93,69.26,41.53,1,3,1
121,9,537.60,77.87,98.07,65.00,1,3,1
121,10,676.27,19.20,59.66,36.20,1,3,1
122,7,293.76,145.28,145.21,76.73,1,3,1
122,8,583.47,47.36,71.18,43.24,1,3,1
122,9,532.48,80.21,97.43,65.86,1,3,1
122,10,675.63,19.63,58.81,37.27,1,3,1
123,7,284.59,146.56,148.62,77.80,1,3,1
123,8,580.27,47.79,73.10,44.95,1,3,1
123,9,527.36,82.56,96.79,66.71,1,3,1
123,10,674.99,20.05,57.96,38.33,1,3,1
124,7,275.41,147.84,152.04,78.87,1,3,1
124,8,577.07,48.21,75.02,46.65,1,3,1
124,9,522.24,84.91,96.15,67.56,1,3,1
124,10,674.35,20.48,57.10,39.40,1,3,1
125,7,266.24,149.12,155.45,79.93,1,3,1
125,8,573.87,48.64,76.94,48.36,1,3,1
125,9,517.12,87.25,95.51,68.42,1,3,1
125,10,673.71,20.91,56.25,40.47,1,3,1
126,7,257.07,150.40,158.86,81.00,1,3,1
126,8,570.67,49.07,78.86,50.07,1,3,1
126,9,512.00,89.60,94.87,69.27,1,3,1
126,10,673.07,21.33,55.40,41.53,1,3,1
126,11,747.73,1.00,56.47,41.60,1,3,1
127,7,250.88,153.60,157.59,82.71,1,3,1
127,8,567.68,50.99,78.87,50.28,1,3,1
127,9,504.11,91.95,96.36,69.90,1,3,1
127,10,670.51,21.97,55.18,41.32,1,3,1
127,11,746.45,6.40,56.26,37.27,1,3,1
128,7,244.69,156.80,156.31,84.41,1,3,1
128,8,564.69,52.91,78.87,50.49,1,3,1
128,9,496.21,94.29,97.86,70.55,1,3,1
128,10,667.95,22.61,54.97,41.11,1,3,1
128,11,745.17,7.47,56.04,37.27,1,3,1
129,7,238.51,160.00,155.02,86.12,1,3,1
129,8,561.71,54.83,78.86,50.70,1,3,1
129,9,488.32,96.64,99.35,71.19,1,3,1
129,10,665.39,23.25,54.76,40.89,1,3,1
129,11,743.89,8.53,55.83,37.27,1,3,1
130,7,232.32,163.20,153.75,87.83,1,3,1
130,8,558.72,56.75,78.87,50.92,1,3,1
130,9,480.43,98.99,100.84,71.82,1,3,1
130,10,662.83,23.89,54.54,40.68,1,3,1
130,11,742.61,9.60,55.62,37.27,1,3,1
131,7,226.13,166.40,152.47,89.53,1,3,1
131,8,555.73,58.67,78.87,51.13,1,3,1
131,9,472.53,101.33,102.34,72.47,1,3,1
131,10,660.27,24.53,54.33,40.47,1,3,1
131,11,741.33,10.67,55.40,37.27,1,3,1
132,7,213.55,170.45,156.73,89.32,1,3,1
132,8,552.11,59.73,78.65,52.20,1,3,1
132,9,464.64,103.68,103.61,76.95,1,3,1
132,10,657.49,24.96,56.47,41.75,1,3,1
132,11,739.20,11.31,54.55,36.84,1,3,1
133,7,200.96,174.51,161.00,89.10,1,3,1
133,8,548.48,60.80,78.44,53.27,1,3,1
133,9,456.75,106.03,104.89,81.42,1,3,1
133,10,654.72,25.39,58.60,43.03,1,3,1
133,11,737.07,11.95,53.69,36.41,1,3,1
134,7,188.37,178.56,165.27,88.89,1,3,1
134,8,544.85,61.87,78.23,54.33,1,3,1
134,9,448.85,108.37,106.18,85.91,1,3,1
134,10,651.95,25.81,60.73,44.31,1,3,1
134,11,734.93,12.59,52.84,35.99,1,3,1
135,7,175.79,182.61,169.53,88.68,1,3,1
135,8,541.23,62.93,78.01,55.40,1,3,1
135,9,440.96,110.72,107.45,90.39,1,3,1
135,10,649.17,26.24,62.87,45.59,1,3,1
135,11,732.80,13.23,51.99,35.56,1,3,1
136,7,163.20,186.67,173.80,88.46,1,3,1
136,8,537.60,64.00,77.80,56.47,1,3,1
136,9,433.07,113.07,108.73,94.86,1,3,1
136,10,646.40,26.67,65.00,46.87,1,3,1
136,11,730.67,13.87,51.13,35.13,1,3,1
137,7,153.17,189.01,174.66,94.44,1,3,1
137,8,533.55,65.28,78.44,56.04,1,3,1
137,9,422.83,116.27,112.57,93.58,1,3,1
137,10,644.48,27.31,64.15,47.29,1,3,1
137,11,728.11,14.08,52.41,37.91,1,3,1
138,7,143.15,191.36,175.50,100.41,1,3,1
138,8,529.49,66.56,79.08,55.61,1,3,1
138,9,412.59,119.47,116.41,92.30,1,3,1
138,10,642.56,27.95,63.29,47.72,1,3,1
138,11,725.55,14.29,53.69,40.68,1,3,1
139,7,133.12,193.71,176.36,106.38,1,3,1
139,8,525.44,67.84,79.72,55.19,1,3,1
139,9,402.35,122.67,120.25,91.02,1,3,1
139,10,640.64,28.59,62.44,48.15,1,3,1
139,11,722.99,14.51,54.97,43.45,1,3,1
140,7,123.09,196.05,177.22,112.36,1,3,1
140,8,521.39,69.12,80.36,54.76,1,3,1
140,9,392.11,125.87,124.09,89.74,1,3,1
140,10,638.72,29.23,61.59,48.57,1,3,1
140,11,720.43,14.72,56.25,46.23,1,3,1
141,7,113.07,198.40,178.06,118.33,1,3,1
141,8,517.33,70.40,81.00,54.33,1,3,1
141,9,381.87,129.07,127.93,88.46,1,3,1
141,10,636.80,29.87,60.73,49.00,1,3,1
141,11,717.87,14.93,57.53,49.00,1,3,1
142,7,101.12,203.73,182.76,113.64,1,3,1
142,8,513.49,71.04,82.28,56.47,1,3,1
142,9,371.84,131.41,131.56,91.88,1,3,1
142,10,633.60,30.29,62.44,49.43,1,3,1
142,11,714.88,16.64,57.75,47.51,1,3,1
143,7,89.17,209.07,187.46,108.94,1,3,1
143,8,509.65,71.68,83.56,58.60,1,3,1
143,9,361.81,133.76,135.19,95.29,1,3,1
143,10,630.40,30.72,64.15,49.85,1,3,1
143,11,711.89,18.35,57.96,46.01,1,3,1
144,7,77.23,214.40,192.14,104.25,1,3,1
144,8,505.81,72.32,84.84,60.73,1,3,1
144,9,351.79,136.11,138.81,98.70,1,3,1
144,10,627.20,31.15,65.85,50.28,1,3,1
144,11,708.91,20.05,58.17,44.52,1,3,1
145,7,65.28,219.73,196.84,99.56,1,3,1
145,8,501.97,72.96,86.12,62.87,1,3,1
145,9,341.76,138.45,142.44,102.12,1,3,1
145,10,624.00,31.57,67.56,50.71,1,3,1
145,11,705.92,21.76,58.39,43.03,1,3,1
146,7,53.33,225.07,201.54,94.86,1,3,1
146,8,498.13,73.60,87.40,65.00,1,3,1
146,9,331.73,140.80,146.07,105.53,1,3,1
146,10,620.80,32.00,69.27,51.13,1,3,1
146,11,702.93,23.47,58.60,41.53,1,3,1
147,7,42.67,228.69,204.73,98.07,1,3,1
147,8,494.08,76.37,86.97,63.30,1,3,1
147,9,319.36,146.35,146.71,106.17,1,3,1
147,10,618.45,32.85,68.84,50.28,1,3,1
147,11,699.52,24.32,60.09,43.03,1,3,1
148,7,32.00,232.32,207.93,101.27,1,3,1
148,8,490.03,79.15,86.54,61.58,1,3,1
148,9,306.99,151.89,147.34,106.82,1,3,1
148,10,616.11,33.71,68.41,49.43,1,3,1
148,11,696.11,25.17,61.58,44.52,1,3,1
149,7,21.33,235.95,211.14,104.46,1,3,1
149,8,485.97,81.92,86.12,59.88,1,3,1
149,9,294.61,157.44,147.99,107.45,1,3,1
149,10,613.76,34.56,67.99,48.57,1,3,1
149,11,692.69,26.03,63.08,46.01,1,3,1
150,7,1.00,239.57,224.00,107.67,1,3,1
150,8,481.92,84.69,85.69,58.18,1,3,1
150,9,282.24,162.99,148.63,108.09,1,3,1
150,10,611.41,35.41,67.56,47.72,1,3,1
150,11,689.28,26.88,64.57,47.51,1,3,1
151,7,1.00,243.20,216.53,110.87,1,3,1
151,8,477.87,87.47,85.26,56.46,1,3,1
151,9,269.87,168.53,149.26,108.74,1,3,1
151,10,609.07,36.27,67.13,46.87,1,3,1
151,11,685.87,27.73,66.06,49.00,1,3,1
152,7,1.00,247.25,203.09,113.00,1,3,1
152,8,472.53,88.96,86.12,57.11,1,3,1
152,9,257.71,172.37,151.61,110.02,1,3,1
152,10,605.65,38.19,68.20,46.44,1,3,1
152,11,683.09,29.65,65.64,47.29,1,3,1
153,7,1.00,251.31,189.65,115.13,1,3,1
153,8,467.20,90.45,86.97,57.75,1,3,1
153,9,245.55,176.21,153.96,111.30,1,3,1
153,10,602.24,40.11,69.27,46.01,1,3,1
153,11,680.32,31.57,65.21,45.59,1,3,1
154,7,1.00,255.36,176.21,117.27,1,3,1
154,8,461.87,91.95,87.82,58.38,1,3,1
154,9,233.39,180.05,156.30,112.58,1,3,1
154,10,598.83,42.03,70.33,45.59,1,3,1
154,11,677.55,33.49,64.78,43.88,1,3,1
155,7,1.00,259.41,162.77,119.40,1,3,1
155,8,456.53,93.44,88.68,59.03,1,3,1
155,9,221.23,183.89,158.65,113.86,1,3,1
155,10,595.41,43.95,71.40,45.16,1,3,1
155,11,674.77,35.41,64.36,42.17,1,3,1
156,7,1.00,263.47,149.33,121.53,1,3,1
156,8,451.20,94.93,89.53,59.67,1,3,1
156,9,209.07,187.73,161.00,115.14,1,3,1
156,10,592.00,45.87,72.47,44.73,1,3,1
156,11,672.00,37.33,63.93,40.47,1,3,1
157,7,1.00,266.45,139.73,117.91,1,3,1
157,8,445.01,96.64,91.88,60.95,1,3,1
157,9,193.28,193.92,166.76,117.05,1,3,1
157,10,588.80,46.51,74.39,46.23,1,3,1
157,11,668.80,37.76,63.93,42.81,1,3,1
158,7,1.00,269.44,130.13,114.28,1,3,1
158,8,438.83,98.35,94.22,62.22,1,3,1
158,9,177.49,200.11,172.52,118.97,1,3,1
158,10,585.60,47.15,76.31,47.72,1,3,1
158,11,665.60,38.19,63.93,45.16,1,3,1
159,7,1.00,272.43,120.53,110.65,1,3,1
159,8,432.64,100.05,96.57,63.51,1,3,1
159,9,161.71,206.29,178.28,120.90,1,3,1
159,10,582.40,47.79,78.23,49.21,1,3,1
159,11,662.40,38.61,63.93,47.51,1,3,1
160,7,1.00,275.41,110.93,107.03,1,3,1
160,8,426.45,101.76,98.92,64.79,1,3,1
160,9,145.92,212.48,184.04,122.81,1,3,1
160,10,579.20,48.43,80.15,50.71,1,3,1
160,11,659.20,39.04,63.93,49.85,1,3,1
161,7,1.00,278.40,101.33,103.40,1,3,1
161,8,420.27,103.47,101.26,66.06,1,3,1
161,9,130.13,218.67,189.80,124.73,1,3,1
161,10,576.00,49.07,82.07,52.20,1,3,1
161,11,656.00,39.47,63.93,52.20,1,3,1
162,7,1.00,284.16,88.32,99.77,1,3,1
162,8,414.08,105.60,104.04,66.28,1,3,1
162,9,110.93,223.79,196.84,126.44,1,3,1
162,10,572.37,50.35,80.79,51.98,1,3,1
162,11,651.09,41.17,65.43,51.99,1,3,1
163,7,1.00,289.92,75.31,96.15,1,3,1
163,8,407.89,107.73,106.82,66.50,1,3,1
163,9,91.73,228.91,203.88,128.14,1,3,1
163,10,568.75,51.63,79.50,51.77,1,3,1
163,11,646.19,42.88,66.92,51.77,1,3,1
164,7,1.00,295.68,62.29,92.52,1,3,1
164,8,401.71,109.87,109.58,66.70,1,3,1
164,9,72.53,234.03,210.92,129.85,1,3,1
164,10,565.12,52.91,78.23,51.56,1,3,1
164,11,641.28,44.59,68.41,51.56,1,3,1
165,7,1.00,301.44,49.28,88.89,1,3,1
165,8,395.52,112.00,112.36,66.92,1,3,1
165,9,53.33,239.15,217.96,131.56,1,3,1
165,10,561.49,54.19,76.95,51.34,1,3,1
165,11,636.37,46.29,69.91,51.35,1,3,1
166,7,1.00,307.20,36.27,85.27,1,3,1
166,8,389.33,114.13,115.14,67.14,1,3,1
166,9,34.13,244.27,225.00,133.26,1,3,1
166,10,557.87,55.47,75.66,51.13,1,3,1
166,11,631.47,48.00,71.40,51.13,1,3,1
167,8,382.93,115.84,114.50,70.33,1,3,1
167,9,27.31,250.88,217.96,136.68,1,3,1
167,10,554.24,56.53,76.31,51.99,1,3,1
167,11,626.77,50.13,72.90,51.56,1,3,1
168,8,376.53,117.55,113.86,73.53,1,3,1
168,9,20.48,257.49,210.92,140.10,1,3,1
168,10,550.61,57.60,76.95,52.84,1,3,1
168,11,622.08,52.27,74.39,51.98,1,3,1
169,8,370.13,119.25,113.22,76.74,1,3,1
169,9,13.65,264.11,203.88,143.50,1,3,1
169,10,546.99,58.67,77.58,53.69,1,3,1
169,11,617.39,54.40,75.88,52.41,1,3,1
170,8,363.73,120.96,112.58,79.93,1,3,1
170,9,1.00,270.72,202.67,146.92,1,3,1
170,10,543.36,59.73,78.23,54.55,1,3,1
170,11,612.69,56.53,77.38,52.84,1,3,1
171,8,357.33,122.67,111.94,83.13,1,3,1
171,9,1.00,277.33,188.80,150.34,1,3,1
171,10,539.73,60.80,78.87,55.40,1,3,1
171,11,608.00,58.67,78.87,53.26,1,3,1
172,8,351.15,124.80,113.00,83.56,1,3,1
172,9,1.00,283.73,170.88,146.07,1,3,1
172,10,536.96,62.72,79.08,54.55,1,3,1
172,11,603.73,60.37,78.87,55.19,1,3,1
173,8,344.96,126.93,114.07,83.99,1,3,1
173,9,1.00,290.13,152.96,141.80,1,3,1
173,10,534.19,64.64,79.29,53.69,1,3,1
173,11,599.47,62.08,78.86,57.11,1,3,1
174,8,338.77,129.07,115.14,84.41,1,3,1
174,9,1.00,296.53,135.04,137.54,1,3,1
174,10,531.41,66.56,79.51,52.84,1,3,1
174,11,595.20,63.79,78.87,59.02,1,3,1
175,8,332.59,131.20,116.20,84.84,1,3,1
175,9,1.00,302.93,117.12,133.27,1,3,1
175,10,528.64,68.48,79.72,51.99,1,3,1
175,11,590.93,65.49,78.87,60.95,1,3,1
176,8,326.40,133.33,117.27,85.27,1,3,1
176,9,1.00,309.33,99.20,129.00,1,3,1
176,10,525.87,70.40,79.93,51.13,1,3,1
176,11,586.67,67.20,78.86,62.87,1,3,1
177,8,317.65,136.53,120.04,83.99,1,3,1
177,10,521.17,71.04,80.15,52.41,1,3,1
177,11,581.97,68.91,80.15,62.22,1,3,1
178,8,308.91,139.73,122.81,82.71,1,3,1
178,10,516.48,71.68,80.36,53.69,1,3,1
178,11,577.28,70.61,81.43,61.59,1,3,1
179,8,300.16,142.93,125.59,81.43,1,3,1
179,10,511.79,72.32,80.57,54.97,1,3,1
179,11,572.59,72.32,82.70,60.95,1,3,1
180,8,291.41,146.13,128.36,80.15,1,3,1
180,10,507.09,72.96,80.79,56.25,1,3,1
180,11,567.89,74.03,83.99,60.30,1,3,1
181,8,282.67,149.33,131.13,78.87,1,3,1
181,10,502.40,73.60,81.00,57.53,1,3,1
181,11,563.20,75.73,85.27,59.67,1,3,1
182,8,274.13,152.75,132.42,79.50,1,3,1
182,10,498.35,75.73,82.28,57.11,1,3,1
182,11,558.51,78.08,86.76,60.52,1,3,1
183,8,265.60,156.16,133.69,80.15,1,3,1
183,10,494.29,77.87,83.56,56.68,1,3,1
183,11,553.81,80.43,88.26,61.37,1,3,1
184,8,257.07,159.57,134.97,80.79,1,3,1
184,10,490.24,80.00,84.84,56.25,1,3,1
184,11,549.12,82.77,89.75,62.23,1,3,1
185,8,248.53,162.99,136.26,81.42,1,3,1
185,10,486.19,82.13,86.12,55.83,1,3,1
185,11,544.43,85.12,91.24,63.08,1,3,1
186,8,240.00,166.40,137.53,82.07,1,3,1
186,10,482.13,84.27,87.40,55.40,1,3,1
186,11,539.73,87.47,92.74,63.93,1,3,1
187,8,229.33,168.96,140.52,83.56,1,3,1
187,10,476.59,85.33,88.89,56.04,1,3,1
187,11,532.69,90.03,94.02,63.93,1,3,1
188,8,218.67,171.52,143.50,85.05,1,3,1
188,10,471.04,86.40,90.39,56.68,1,3,1
188,11,525.65,92.59,95.30,63.93,1,3,1
189,8,208.00,174.08,146.49,86.55,1,3,1
189,10,465.49,87.47,91.88,57.32,1,3,1
189,11,518.61,95.15,96.58,63.93,1,3,1
190,8,197.33,176.64,149.48,88.04,1,3,1
190,10,459.95,88.53,93.37,57.96,1,3,1
190,11,511.57,97.71,97.86,63.93,1,3,1
191,8,186.67,179.20,152.46,89.53,1,3,1
191,10,454.40,89.60,94.87,58.60,1,3,1
191,11,504.53,100.27,99.14,63.93,1,3,1
192,8,176.85,182.61,155.46,89.96,1,3,1
192,10,449.49,91.73,95.72,59.88,1,3,1
192,11,497.07,102.83,100.84,63.08,1,3,1
193,8,167.04,186.03,158.44,90.38,1,3,1
193,10,444.59,93.87,96.57,61.16,1,3,1
193,11,489.60,105.39,102.55,62.22,1,3,1
194,8,157.23,189.44,161.42,90.81,1,3,1
194,10,439.68,96.00,97.43,62.44,1,3,1
194,11,482.13,107.95,104.26,61.37,1,3,1
195,8,147.41,192.85,164.42,91.24,1,3,1
195,10,434.77,98.13,98.28,63.72,1,3,1
195,11,474.67,110.51,105.96,60.52,1,3,1
196,8,137.60,196.27,167.40,91.66,1,3,1
196,10,429.87,100.27,99.13,65.00,1,3,1
196,11,467.20,113.07,107.67,59.66,1,3,1
197,8,127.36,200.75,169.96,93.16,1,3,1
197,10,424.32,101.97,102.12,63.51,1,3,1
197,11,458.88,116.05,111.72,63.08,1,3,1
198,8,117.12,205.23,172.52,94.65,1,3,1
198,10,418.77,103.68,105.11,62.01,1,3,1
198,11,450.56,119.04,115.77,66.49,1,3,1
199,8,106.88,209.71,175.08,96.14,1,3,1
199,10,413.23,105.39,108.09,60.52,1,3,1
199,11,442.24,122.03,119.83,69.90,1,3,1
200,8,96.64,214.19,177.64,97.64,1,3,1
200,10,407.68,107.09,111.08,59.03,1,3,1
200,11,433.92,125.01,123.88,73.32,1,3,1
201,8,86.40,218.67,180.20,99.13,1,3,1
201,10,402.13,108.80,114.07,57.53,1,3,1
201,11,425.60,128.00,127.93,76.73,1,3,1
202,8,74.03,222.08,183.40,101.05,1,3,1
202,10,397.44,110.29,113.85,59.24,1,3,1
202,11,418.56,131.41,127.93,75.03,1,3,1
203,8,61.65,225.49,186.60,102.98,1,3,1
203,10,392.75,111.79,113.64,60.94,1,3,1
203,11,411.52,134.83,127.93,73.32,1,3,1
204,8,49.28,228.91,189.80,104.89,1,3,1
204,10,388.05,113.28,113.43,62.65,1,3,1
204,11,404.48,138.24,127.93,71.61,1,3,1
205,8,36.91,232.32,193.00,106.81,1,3,1
205,10,383.36,114.77,113.21,64.36,1,3,1
205,11,397.44,141.65,127.93,69.91,1,3,1
206,8,24.53,235.73,196.20,108.74,1,3,1
206,10,378.67,116.27,113.00,66.06,1,3,1
206,11,390.40,145.07,127.93,68.20,1,3,1
207,8,20.27,239.36,190.65,110.44,1,3,1
207,10,370.56,117.97,116.84,66.28,1,3,1
207,11,378.67,147.84,132.62,72.89,1,3,1
208,8,16.00,242.99,185.11,112.14,1,3,1
208,10,362.45,119.68,120.68,66.49,1,3,1
208,11,366.93,150.61,137.32,77.59,1,3,1
209,8,1.00,246.61,190.29,113.86,1,3,1
209,10,354.35,121.39,124.52,66.70,1,3,1
209,11,355.20,153.39,142.01,82.28,1,3,1
210,8,1.00,250.24,180.48,115.56,1,3,1
210,10,346.24,123.09,128.36,66.92,1,3,1
210,11,343.47,156.16,146.70,86.97,1,3,1
211,8,1.00,253.87,170.67,117.26,1,3,1
211,10,338.13,124.80,132.20,67.13,1,3,1
211,11,331.73,158.93,151.40,91.67,1,3,1
212,8,1.00,257.92,160.85,115.56,1,3,1
212,10,332.80,127.57,131.56,66.71,1,3,1
212,11,321.07,162.56,154.60,93.16,1,3,1
213,8,1.00,261.97,151.04,113.86,1,3,1
213,10,327.47,130.35,130.92,66.28,1,3,1
213,11,310.40,166.19,157.80,94.65,1,3,1
214,8,1.00,266.03,141.23,112.14,1,3,1
214,10,322.13,133.12,130.28,65.85,1,3,1
214,11,299.73,169.81,161.00,96.15,1,3,1
215,8,1.00,270.08,131.41,110.44,1,3,1
215,10,316.80,135.89,129.64,65.43,1,3,1
215,11,289.07,173.44,164.20,97.64,1,3,1
216,8,1.00,274.13,121.60,108.74,1,3,1
216,10,311.47,138.67,129.00,65.00,1,3,1
216,11,278.40,177.07,167.40,99.13,1,3,1
216,12,695.47,6.40,51.13,38.33,1,3,1
217,8,1.00,279.89,111.15,102.76,1,3,1
217,10,304.00,142.08,130.49,64.57,1,3,1
217,11,270.29,182.61,162.71,97.64,1,3,1
217,12,692.69,7.25,52.84,37.91,1,3,1
218,8,1.00,285.65,100.69,96.79,1,3,1
218,10,296.53,145.49,131.99,64.15,1,3,1
218,11,262.19,188.16,158.01,96.15,1,3,1
218,12,689.92,8.11,54.55,37.48,1,3,1
219,8,1.00,291.41,90.24,90.82,1,3,1
219,10,289.07,148.91,133.48,63.72,1,3,1
219,11,254.08,193.71,153.32,94.65,1,3,1
219,12,687.15,8.96,56.25,37.05,1,3,1
220,8,1.00,297.17,79.79,84.84,1,3,1
220,10,281.60,152.32,134.97,63.29,1,3,1
220,11,245.97,199.25,148.63,93.16,1,3,1
220,12,684.37,9.81,57.96,36.63,1,3,1
221,8,1.00,302.93,69.33,78.87,1,3,1
221,10,274.13,155.73,136.47,62.87,1,3,1
221,11,237.87,204.80,143.93,91.67,1,3,1
221,12,681.60,10.67,59.67,36.20,1,3,1
222,10,266.88,157.44,137.11,64.15,1,3,1
222,11,219.95,209.07,155.88,95.93,1,3,1
222,12,679.25,11.52,59.67,38.12,1,3,1
223,10,259.63,159.15,137.74,65.42,1,3,1
223,11,202.03,213.33,167.82,100.20,1,3,1
223,12,676.91,12.37,59.66,40.04,1,3,1
224,10,252.37,160.85,138.39,66.71,1,3,1
224,11,184.11,217.60,179.77,104.47,1,3,1
224,12,674.56,13.23,59.67,41.96,1,3,1
225,10,245.12,162.56,139.03,67.99,1,3,1
225,11,166.19,221.87,191.72,108.73,1,3,1
225,12,672.21,14.08,59.67,43.88,1,3,1
226,10,237.87,164.27,139.66,69.26,1,3,1
226,11,148.27,226.13,203.66,113.00,1,3,1
226,12,669.87,14.93,59.66,45.80,1,3,1
227,10,227.84,168.53,144.15,70.76,1,3,1
227,11,135.25,232.32,204.31,114.28,1,3,1
227,12,666.45,16.85,60.31,44.31,1,3,1
228,10,217.81,172.80,148.63,72.25,1,3,1
228,11,122.24,238.51,204.95,115.56,1,3,1
228,12,663.04,18.77,60.95,42.81,1,3,1
229,10,207.79,177.07,153.10,73.74,1,3,1
229,11,109.23,244.69,205.58,116.84,1,3,1
229,12,659.63,20.69,61.58,41.32,1,3,1
230,10,197.76,181.33,157.59,75.24,1,3,1
230,11,96.21,250.88,206.23,118.12,1,3,1
230,12,656.21,22.61,62.23,39.83,1,3,1
231,10,187.73,185.60,162.07,76.73,1,3,1
231,11,83.20,257.07,206.87,119.40,1,3,1
231,12,652.80,24.53,62.87,38.33,1,3,1
232,10,178.35,187.95,163.56,79.50,1,3,1
232,11,66.77,262.83,210.92,122.17,1,3,1
232,12,650.67,24.53,64.14,40.47,1,3,1
233,10,168.96,190.29,165.05,82.28,1,3,1
233,11,50.35,268.59,214.97,124.94,1,3,1
233,12,648.53,24.53,65.43,42.60,1,3,1
234,10,159.57,192.64,166.55,85.05,1,3,1
234,11,33.92,274.35,219.03,127.72,1,3,1
234,12,646.40,24.53,66.71,44.73,1,3,1
235,10,150.19,194.99,168.04,87.82,1,3,1
235,11,17.49,280.11,223.08,130.49,1,3,1
235,12,644.27,24.53,67.98,46.87,1,3,1
236,10,140.80,197.33,169.53,90.60,1,3,1
236,11,1.00,285.87,227.20,133.26,1,3,1
236,12,642.13,24.53,69.27,49.00,1,3,1
237,10,131.84,199.25,171.67,93.59,1,3,1
237,11,1.00,291.41,213.55,133.70,1,3,1
237,12,638.72,25.81,68.63,48.57,1,3,1
238,10,122.88,201.17,173.80,96.58,1,3,1
238,11,1.00,296.96,199.89,134.12,1,3,1
238,12,635.31,27.09,67.98,48.15,1,3,1
239,10,113.92,203.09,175.93,99.56,1,3,1
239,11,1.00,302.51,186.24,134.54,1,3,1
239,12,631.89,28.37,67.35,47.72,1,3,1
240,10,104.96,205.01,178.07,102.55,1,3,1
240,11,1.00,308.05,172.59,134.98,1,3,1
240,12,628.48,29.65,66.71,47.29,1,3,1
241,10,96.00,206.93,180.20,105.54,1,3,1
241,11,1.00,313.60,158.93,135.40,1,3,1
241,12,625.07,30.93,66.06,46.87,1,3,1
242,10,84.05,212.48,186.18,105.53,1,3,1
242,11,1.00,321.71,141.87,129.85,1,3,1
242,12,621.44,31.79,66.92,47.72,1,3,1
243,10,72.11,218.03,192.14,105.53,1,3,1
243,11,1.00,329.81,124.80,124.31,1,3,1
243,12,617.81,32.64,67.78,48.57,1,3,1
244,10,60.16,223.57,198.12,105.54,1,3,1
244,11,1.00,337.92,107.73,118.76,1,3,1
244,12,614.19,33.49,68.62,49.43,1,3,1
245,10,48.21,229.12,204.10,105.53,1,3,1
245,11,1.00,346.03,90.67,113.21,1,3,1
245,12,610.56,34.35,69.48,50.28,1,3,1
246,10,36.27,234.67,210.06,105.53,1,3,1
246,11,1.00,354.13,73.60,107.67,1,3,1
246,12,606.93,35.20,70.34,51.13,1,3,1
247,10,29.01,237.01,207.51,107.88,1,3,1
247,12,604.59,36.91,69.90,51.35,1,3,1
248,10,21.76,239.36,204.95,110.23,1,3,1
248,12,602.24,38.61,69.48,51.56,1,3,1
249,10,14.51,241.71,202.38,112.57,1,3,1
249,12,599.89,40.32,69.06,51.77,1,3,1
250,10,1.00,244.05,206.08,114.92,1,3,1
250,12,597.55,42.03,68.62,51.99,1,3,1
251,10,1.00,246.40,196.27,117.27,1,3,1
251,12,595.20,43.73,68.20,52.20,1,3,1
252,10,1.00,250.88,188.37,117.91,1,3,1
252,12,590.72,44.59,69.69,52.41,1,3,1
253,10,1.00,255.36,180.48,118.55,1,3,1
253,12,586.24,45.44,71.19,52.63,1,3,1
254,10,1.00,259.84,172.59,119.19,1,3,1
254,12,581.76,46.29,72.68,52.84,1,3,1
255,10,1.00,264.32,164.69,119.83,1,3,1
255,12,577.28,47.15,74.17,53.05,1,3,1
256,10,1.00,268.80,156.80,120.47,1,3,1
256,12,572.80,48.00,75.67,53.27,1,3,1
257,10,1.00,270.72,146.56,120.25,1,3,1
257,12,568.75,49.49,76.73,53.48,1,3,1
258,10,1.00,272.64,136.32,120.04,1,3,1
258,12,564.69,50.99,77.80,53.69,1,3,1
259,10,1.00,274.56,126.08,119.83,1,3,1
259,12,560.64,52.48,78.87,53.91,1,3,1
260,10,1.00,276.48,115.84,119.61,1,3,1
260,12,556.59,53.97,79.93,54.12,1,3,1
261,10,1.00,278.40,105.60,119.40,1,3,1
261,12,552.53,55.47,81.00,54.33,1,3,1
262,10,1.00,282.45,95.15,114.07,1,3,1
262,12,549.97,56.75,80.58,54.33,1,3,1
263,10,1.00,286.51,84.69,108.73,1,3,1
263,12,547.41,58.03,80.15,54.33,1,3,1
264,10,1.00,290.56,74.24,103.40,1,3,1
264,12,544.85,59.31,79.72,54.33,1,3,1
265,10,1.00,294.61,63.79,98.07,1,3,1
265,12,542.29,60.59,79.30,54.33,1,3,1
266,10,1.00,298.67,53.33,92.73,1,3,1
266,12,539.73,61.87,78.87,54.33,1,3,1
267,12,534.40,63.36,79.08,55.61,1,3,1
268,12,529.07,64.85,79.29,56.90,1,3,1
269,12,523.73,66.35,79.51,58.17,1,3,1
270,12,518.40,67.84,79.72,59.45,1,3,1
271,12,513.07,69.33,79.93,60.74,1,3,1
272,12,509.87,71.04,78.65,60.52,1,3,1
273,12,506.67,72.75,77.37,60.30,1,3,1
274,12,503.47,74.45,76.09,60.10,1,3,1
275,12,500.27,76.16,74.81,59.88,1,3,1
276,12,497.07,77.87,73.53,59.66,1,3,1
277,12,490.88,80.64,75.45,59.24,1,3,1
278,12,484.69,83.41,77.38,58.82,1,3,1
279,12,478.51,86.19,79.29,58.38,1,3,1
280,12,472.32,88.96,81.21,57.96,1,3,1
281,12,466.13,91.73,83.14,57.54,1,3,1
282,12,459.95,92.80,88.04,60.09,1,3,1
283,12,453.76,93.87,92.95,62.65,1,3,1
284,12,447.57,94.93,97.86,65.22,1,3,1
285,12,441.39,96.00,102.76,67.77,1,3,1
286,12,435.20,97.07,107.67,70.33,1,3,1
287,12,430.72,98.56,108.09,69.69,1,3,1
288,12,426.24,100.05,108.52,69.06,1,3,1
289,12,421.76,101.55,108.95,68.41,1,3,1
290,12,417.28,103.04,109.37,67.77,1,3,1
291,12,412.80,104.53,109.80,67.14,1,3,1
292,12,407.68,106.67,109.37,67.13,1,3,1
293,12,402.56,108.80,108.95,67.13,1,3,1
294,12,397.44,110.93,108.52,67.14,1,3,1
295,12,392.32,113.07,108.09,67.13,1,3,1
296,12,387.20,115.20,107.67,67.13,1,3,1
297,12,380.59,117.33,108.94,68.42,1,3,1
298,12,373.97,119.47,110.23,69.69,1,3,1
299,12,367.36,121.60,111.51,70.97,1,3,1
300,12,360.75,123.73,112.78,72.26,1,3,1
301,12,354.13,125.87,114.07,73.53,1,3,1
302,12,350.51,127.79,112.57,73.53,1,3,1
303,12,346.88,129.71,111.08,73.53,1,3,1
304,12,343.25,131.63,109.59,73.53,1,3,1
305,12,339.63,133.55,108.09,73.53,1,3,1
306,12,336.00,135.47,106.60,73.53,1,3,1
307,12,326.61,137.81,111.72,73.32,1,3,1
308,12,317.23,140.16,116.84,73.11,1,3,1
309,12,307.84,142.51,121.96,72.89,1,3,1
310,12,298.45,144.85,127.08,72.68,1,3,1
311,12,289.07,147.20,132.20,72.47,1,3,1
312,12,284.59,150.40,128.14,73.96,1,3,1
313,12,280.11,153.60,124.09,75.45,1,3,1
314,12,275.63,156.80,120.04,76.95,1,3,1
315,12,271.15,160.00,115.98,78.44,1,3,1
316,12,266.67,163.20,111.93,79.93,1,3,1
317,12,259.20,164.91,115.99,81.21,1,3,1
318,12,251.73,166.61,120.04,82.50,1,3,1
319,12,244.27,168.32,124.09,83.77,1,3,1
320,12,236.80,170.03,128.15,85.05,1,3,1
321,12,229.33,171.73,132.20,86.34,1,3,1
322,12,222.29,172.80,134.76,88.47,1,3,1
323,12,215.25,173.87,137.32,90.60,1,3,1
324,12,208.21,174.93,139.88,92.74,1,3,1
325,12,201.17,176.00,142.44,94.87,1,3,1
326,12,194.13,177.07,145.00,97.00,1,3,1
327,12,190.08,180.05,144.36,95.51,1,3,1
328,12,186.03,183.04,143.72,94.01,1,3,1
329,12,181.97,186.03,143.08,92.52,1,3,1
330,12,177.92,189.01,142.44,91.03,1,3,1
331,12,173.87,192.00,141.80,89.53,1,3,1
332,12,163.41,195.41,146.50,90.82,1,3,1
333,12,152.96,198.83,151.19,92.09,1,3,1
334,12,142.51,202.24,155.88,93.37,1,3,1
335,12,132.05,205.65,160.58,94.66,1,3,1
336,12,121.60,209.07,165.27,95.93,1,3,1
337,12,111.57,211.84,169.96,95.51,1,3,1
338,12,101.55,214.61,174.65,95.08,1,3,1
339,12,91.52,217.39,179.35,94.65,1,3,1
340,12,81.49,220.16,184.04,94.23,1,3,1
341,12,71.47,222.93,188.73,93.80,1,3,1
341,13,688.00,1.00,68.20,48.00,1,4,1
342,12,65.92,225.71,184.89,96.57,1,3,1
342,13,686.08,1.00,66.92,48.64,1,4,1
343,12,60.37,228.48,181.06,99.35,1,3,1
343,13,684.16,6.19,65.64,44.09,1,4,1
344,12,54.83,231.25,177.21,102.12,1,3,1
344,13,682.24,6.61,64.36,44.31,1,4,1
345,12,49.28,234.03,173.37,104.89,1,3,1
345,13,680.32,7.04,63.08,44.52,1,4,1
346,12,43.73,236.80,169.54,107.67,1,3,1
346,13,678.40,7.47,61.80,44.73,1,4,1
347,12,35.63,240.43,173.16,110.01,1,3,1
347,13,676.05,7.89,62.44,45.59,1,4,1
348,12,27.52,244.05,176.79,112.36,1,3,1
348,13,673.71,8.32,63.08,46.44,1,4,1
349,12,19.41,247.68,180.42,114.71,1,3,1
349,13,671.36,8.75,63.72,47.29,1,4,1
350,12,1.00,251.31,194.35,117.05,1,3,1
350,13,669.01,9.17,64.36,48.15,1,4,1
351,12,1.00,254.93,189.87,119.40,1,3,1
351,13,666.67,9.60,65.00,49.00,1,4,1
352,12,1.00,257.28,180.48,118.33,1,3,1
352,13,665.17,9.39,62.87,50.07,1,4,1
353,12,1.00,259.63,171.09,117.26,1,3,1
353,13,663.68,9.17,60.73,51.13,1,4,1
354,12,1.00,261.97,161.71,116.20,1,3,1
354,13,662.19,8.96,58.60,52.20,1,4,1
355,12,1.00,264.32,152.32,115.13,1,3,1
355,13,660.69,8.75,56.47,53.27,1,4,1
356,12,1.00,266.67,142.93,114.06,1,3,1
356,13,659.20,8.53,54.33,54.33,1,4,1
357,12,1.00,269.44,135.68,112.36,1,3,1
357,13,657.07,9.81,56.46,54.97,1,4,1
358,12,1.00,272.21,128.43,110.66,1,3,1
358,13,654.93,11.09,58.60,55.61,1,4,1
359,12,1.00,274.99,121.17,108.94,1,3,1
359,13,652.80,12.37,60.73,56.25,1,4,1
360,12,1.00,277.76,113.92,107.24,1,3,1
360,13,650.67,13.65,62.86,56.89,1,4,1
361,12,1.00,280.53,106.67,105.54,1,3,1
361,13,648.53,14.93,65.00,57.53,1,4,1
362,12,1.00,284.16,98.56,103.40,1,3,1
362,13,645.12,15.57,65.85,58.60,1,4,1
363,12,1.00,287.79,90.45,101.26,1,3,1
363,13,641.71,16.21,66.70,59.67,1,4,1
364,12,1.00,291.41,82.35,99.14,1,3,1
364,13,638.29,16.85,67.56,60.73,1,4,1
365,12,1.00,295.04,74.24,97.00,1,3,1
365,13,634.88,17.49,68.41,61.80,1,4,1
366,12,1.00,298.67,66.13,94.86,1,3,1
366,13,631.47,18.13,69.26,62.87,1,4,1
367,13,629.12,19.84,70.55,61.16,1,4,1
368,13,626.77,21.55,71.83,59.45,1,4,1
369,13,624.43,23.25,73.10,57.75,1,4,1
370,13,622.08,24.96,74.39,56.04,1,4,1
371,13,619.73,26.67,75.67,54.33,1,4,1
372,13,617.17,26.88,74.60,54.97,1,4,1
373,13,614.61,27.09,73.54,55.61,1,4,1
374,13,612.05,27.31,72.47,56.25,1,4,1
375,13,609.49,27.52,71.40,56.89,1,4,1
376,13,606.93,27.73,70.34,57.53,1,4,1
377,13,604.37,28.80,70.55,58.60,1,4,1
378,13,601.81,29.87,70.76,59.67,1,4,1
379,13,599.25,30.93,70.98,60.73,1,4,1
380,13,596.69,32.00,71.19,61.80,1,4,1
381,13,594.13,33.07,71.40,62.87,1,4,1
382,13,591.15,34.56,72.46,61.37,1,4,1
383,13,588.16,36.05,73.53,59.88,1,4,1
384,13,585.17,37.55,74.60,58.39,1,4,1
385,13,582.19,39.04,75.66,56.89,1,4,1
386,13,579.20,40.53,76.73,55.40,1,4,1
387,13,576.21,42.03,76.74,55.40,1,4,1
388,13,573.23,43.52,76.73,55.40,1,4,1
389,13,570.24,45.01,76.73,55.40,1,4,1
390,13,567.25,46.51,76.74,55.40,1,4,1
391,13,564.27,48.00,76.73,55.40,1,4,1
392,13,560.85,47.79,77.59,58.38,1,4,1
393,13,557.44,47.57,78.44,61.38,1,4,1
394,13,554.03,47.36,79.29,64.36,1,4,1
395,13,550.61,47.15,80.15,67.34,1,4,1
396,13,547.20,46.93,81.00,70.34,1,4,1
397,13,543.36,48.00,82.28,69.27,1,4,1
398,13,539.52,49.07,83.56,68.20,1,4,1
399,13,535.68,50.13,84.84,67.14,1,4,1
400,13,531.84,51.20,86.12,66.07,1,4,1
401,13,528.00,52.27,87.40,65.00,1,4,1
402,13,524.80,53.12,88.68,66.49,1,4,1
403,13,521.60,53.97,89.96,67.99,1,4,1
404,13,518.40,54.83,91.24,69.48,1,4,1
405,13,515.20,55.68,92.52,70.97,1,4,1
406,13,512.00,56.53,93.80,72.47,1,4,1
407,13,508.37,58.45,94.66,71.62,1,4,1
408,13,504.75,60.37,95.50,70.76,1,4,1
409,13,501.12,62.29,96.36,69.91,1,4,1
410,13,497.49,64.21,97.22,69.06,1,4,1
411,13,493.87,66.13,98.06,68.20,1,4,1
412,13,490.03,67.20,99.34,68.41,1,4,1
413,13,486.19,68.27,100.62,68.62,1,4,1
414,13,482.35,69.33,101.90,68.84,1,4,1
415,13,478.51,70.40,103.18,69.05,1,4,1
416,13,474.67,71.47,104.46,69.26,1,4,1
417,13,470.83,72.11,104.25,69.26,1,4,1
418,13,466.99,72.75,104.04,69.26,1,4,1
419,13,463.15,73.39,103.82,69.26,1,4,1
420,13,459.31,74.03,103.61,69.26,1,4,1
421,13,455.47,74.67,103.40,69.26,1,4,1
422,13,452.69,76.37,103.62,69.27,1,4,1
423,13,449.92,78.08,103.83,69.27,1,4,1
424,13,447.15,79.79,104.04,69.26,1,4,1
425,13,444.37,81.49,104.26,69.27,1,4,1
426,13,441.60,83.20,104.47,69.27,1,4,1
427,13,437.97,83.63,104.68,70.12,1,4,1
428,13,434.35,84.05,104.89,70.98,1,4,1
429,13,430.72,84.48,105.11,71.83,1,4,1
430,13,427.09,84.91,105.32,72.68,1,4,1
431,13,423.47,85.33,105.53,73.54,1,4,1
432,13,417.49,85.55,108.31,75.45,1,4,1
433,13,411.52,85.76,111.08,77.37,1,4,1
434,13,405.55,85.97,113.85,79.30,1,4,1
435,13,399.57,86.19,116.63,81.21,1,4,1
436,13,393.60,86.40,119.40,83.13,1,4,1
437,13,391.04,88.96,119.61,81.85,1,4,1
438,13,388.48,91.52,119.83,80.57,1,4,1
439,13,385.92,94.08,120.04,79.29,1,4,1
440,13,383.36,96.64,120.25,78.01,1,4,1
441,13,380.80,99.20,120.47,76.73,1,4,1
442,13,375.04,98.77,121.32,78.02,1,4,1
443,13,369.28,98.35,122.17,79.29,1,4,1
444,13,363.52,97.92,123.03,80.57,1,4,1
445,13,357.76,97.49,123.88,81.86,1,4,1
446,13,352.00,97.07,124.73,83.13,1,4,1
447,13,348.80,99.63,124.09,83.56,1,4,1
448,13,345.60,102.19,123.45,83.98,1,4,1
449,13,342.40,104.75,122.81,84.41,1,4,1
450,13,339.20,107.31,122.17,84.84,1,4,1
451,13,336.00,109.87,121.53,85.26,1,4,1
452,13,330.67,112.00,124.52,85.27,1,4,1
453,13,325.33,114.13,127.51,85.27,1,4,1
454,13,320.00,116.27,130.49,85.26,1,4,1
455,13,314.67,118.40,133.48,85.27,1,4,1
456,13,309.33,120.53,136.47,85.27,1,4,1
457,13,306.77,120.32,134.98,86.55,1,4,1
458,13,304.21,120.11,133.48,87.82,1,4,1
459,13,301.65,119.89,131.99,89.11,1,4,1
460,13,299.09,119.68,130.50,90.39,1,4,1
461,13,296.53,119.47,129.00,91.66,1,4,1
462,13,291.63,121.81,130.92,91.03,1,4,1
463,13,286.72,124.16,132.84,90.39,1,4,1
464,13,281.81,126.51,134.76,89.74,1,4,1
465,13,276.91,128.85,136.68,89.11,1,4,1
466,13,272.00,131.20,138.60,88.47,1,4,1
467,13,267.73,130.99,139.67,90.60,1,4,1
468,13,263.47,130.77,140.73,92.74,1,4,1
469,13,259.20,130.56,141.80,94.87,1,4,1
470,13,254.93,130.35,142.87,97.00,1,4,1
471,13,250.67,130.13,143.93,99.14,1,4,1
472,13,245.76,129.07,145.00,100.41,1,4,1
473,13,240.85,128.00,146.07,101.69,1,4,1
474,13,235.95,126.93,147.13,102.98,1,4,1
475,13,231.04,125.87,148.20,104.25,1,4,1
476,13,226.13,124.80,149.27,105.53,1,4,1
477,13,221.23,127.36,149.48,103.61,1,4,1
478,13,216.32,129.92,149.69,101.69,1,4,1
479,13,211.41,132.48,149.91,99.77,1,4,1
480,13,206.51,135.04,150.12,97.85,1,4,1
481,13,201.60,137.60,150.33,95.93,1,4,1
482,13,196.69,139.09,154.60,98.28,1,4,1
483,13,191.79,140.59,158.86,100.62,1,4,1
484,13,186.88,142.08,163.13,102.97,1,4,1
485,13,181.97,143.57,167.40,105.32,1,4,1
486,13,177.07,145.07,171.66,107.66,1,4,1
487,13,172.80,146.56,171.24,106.81,1,4,1
488,13,168.53,148.05,170.82,105.96,1,4,1
489,13,164.27,149.55,170.38,105.10,1,4,1
490,13,160.00,151.04,169.96,104.25,1,4,1
491,13,155.73,152.53,169.54,103.40,1,4,1
492,13,150.40,153.60,171.45,103.83,1,4,1
493,13,145.07,154.67,173.37,104.25,1,4,1
494,13,139.73,155.73,175.30,104.68,1,4,1
495,13,134.40,156.80,177.21,105.11,1,4,1
496,13,129.07,157.87,179.13,105.53,1,4,1
497,13,123.73,158.93,180.63,104.26,1,4,1
498,13,118.40,160.00,182.12,102.97,1,4,1
499,13,113.07,161.07,183.61,101.69,1,4,1
500,13,107.73,162.13,185.11,100.42,1,4,1
501,13,102.40,163.20,186.60,99.13,1,4,1
502,13,95.79,165.76,186.81,100.41,1,4,1
503,13,89.17,168.32,187.03,101.69,1,4,1
504,13,82.56,170.88,187.24,102.97,1,4,1
505,13,75.95,173.44,187.45,104.25,1,4,1
506,13,69.33,176.00,187.67,105.53,1,4,1
507,13,65.49,176.21,187.67,104.90,1,4,1
508,13,61.65,176.43,187.67,104.25,1,4,1
509,13,57.81,176.64,187.67,103.61,1,4,1
510,13,53.97,176.85,187.67,102.98,1,4,1
511,13,50.13,177.07,187.67,102.33,1,4,1
512,13,44.80,178.99,192.36,101.48,1,4,1
513,13,39.47,180.91,197.05,100.62,1,4,1
514,13,34.13,182.83,201.75,99.77,1,4,1
515,13,28.80,184.75,206.44,98.92,1,4,1
516,13,23.47,186.67,211.13,98.06,1,4,1
517,13,19.20,186.88,206.87,99.13,1,4,1
518,13,14.93,187.09,202.60,100.20,1,4,1
519,13,1.00,187.31,208.00,101.26,1,4,1
520,13,1.00,187.52,199.47,102.33,1,4,1
521,13,1.00,187.73,190.93,103.40,1,4,1
522,13,1.00,188.16,186.45,103.19,1,4,1
523,13,1.00,188.59,181.97,102.97,1,4,1
524,13,1.00,189.01,177.49,102.76,1,4,1
525,13,1.00,189.44,173.01,102.55,1,4,1
526,13,1.00,189.87,168.53,102.33,1,4,1
527,13,1.00,189.87,164.69,103.40,1,4,1
528,13,1.00,189.87,160.85,104.46,1,4,1
529,13,1.00,189.87,157.01,105.53,1,4,1
530,13,1.00,189.87,153.17,106.60,1,4,1
531,13,1.00,189.87,149.33,107.66,1,4,1
532,13,1.00,190.08,144.85,105.96,1,4,1
533,13,1.00,190.29,140.37,104.26,1,4,1
534,13,1.00,190.51,135.89,102.54,1,4,1
535,13,1.00,190.72,131.41,100.84,1,4,1
536,13,1.00,190.93,126.93,99.14,1,4,1
537,13,1.00,192.21,122.45,99.56,1,4,1
538,13,1.00,193.49,117.97,99.99,1,4,1
539,13,1.00,194.77,113.49,100.42,1,4,1
540,13,1.00,196.05,109.01,100.84,1,4,1
541,13,1.00,197.33,104.53,101.27,1,4,1
542,13,1.00,196.91,99.41,101.26,1,4,1
543,13,1.00,196.48,94.29,101.27,1,4,1
544,13,1.00,196.05,89.17,101.27,1,4,1
545,13,1.00,195.63,84.05,101.26,1,4,1
546,13,1.00,195.20,78.93,101.27,1,4,1
547,13,1.00,196.27,75.73,98.92,1,4,1
548,13,1.00,197.33,72.53,96.58,1,4,1
549,13,1.00,198.40,69.33,94.23,1,4,1
550,13,1.00,199.47,66.13,91.88,1,4,1
551,13,1.00,200.53,62.93,89.54,1,4,1
551,14,1.00,421.33,227.20,119.67,1,3,1
552,13,1.00,201.39,59.52,87.82,1,4,1
552,14,17.28,407.04,231.83,133.96,1,3,1
553,13,1.00,202.24,56.11,86.12,1,4,1
553,14,32.43,392.75,237.58,148.25,1,3,1
554,13,1.00,203.09,52.69,84.42,1,4,1
554,14,47.57,378.45,243.35,152.90,1,3,1
555,13,1.00,203.95,49.28,82.70,1,4,1
555,14,62.72,364.16,249.11,161.21,1,3,1
556,13,1.00,204.80,45.87,81.00,1,4,1
556,14,77.87,349.87,254.86,169.53,1,3,1
557,14,100.48,338.35,249.11,163.98,1,3,1
558,14,123.09,326.83,243.35,158.44,1,3,1
559,14,145.71,315.31,237.58,152.89,1,3,1
560,14,168.32,303.79,231.83,147.34,1,3,1
561,14,190.93,292.27,226.07,141.80,1,3,1
562,14,216.32,284.37,219.67,137.96,1,3,1
563,14,241.71,276.48,213.26,134.12,1,3,1
564,14,267.09,268.59,206.87,130.28,1,3,1
565,14,292.48,260.69,200.47,126.44,1,3,1
566,14,317.87,252.80,194.06,122.60,1,3,1
567,14,333.01,244.48,184.26,121.32,1,3,1
568,14,348.16,236.16,174.44,120.04,1,3,1
569,14,363.31,227.84,164.62,118.76,1,3,1
570,14,378.45,219.52,154.82,117.48,1,3,1
571,14,393.60,211.20,145.00,116.20,1,3,1
572,14,406.61,206.51,144.58,112.78,1,3,1
573,14,419.63,201.81,144.14,109.38,1,3,1
574,14,432.64,197.12,143.72,105.96,1,3,1
575,14,445.65,192.43,143.30,102.54,1,3,1
576,14,458.67,187.73,142.86,99.14,1,3,1
577,14,469.55,180.69,139.88,100.84,1,3,1
578,14,480.43,173.65,136.89,102.55,1,3,1
579,14,491.31,166.61,133.90,104.26,1,3,1
580,14,502.19,159.57,130.92,105.96,1,3,1
581,14,513.07,152.53,127.93,107.67,1,3,1
582,14,521.60,149.55,126.01,104.04,1,3,1
583,14,530.13,146.56,124.10,100.41,1,3,1
584,14,538.67,143.57,122.17,96.79,1,3,1
585,14,547.20,140.59,120.25,93.16,1,3,1
586,14,555.73,137.60,118.34,89.53,1,3,1
587,14,563.84,133.97,117.05,89.54,1,3,1
588,14,571.95,130.35,115.77,89.53,1,3,1
589,14,580.05,126.72,114.50,89.53,1,3,1
590,14,588.16,123.09,113.21,89.54,1,3,1
591,14,596.27,119.47,111.93,89.53,1,3,1
591,15,711.47,1.00,46.86,40.53,1,3,1
592,14,602.67,117.33,110.65,86.98,1,3,1
592,15,709.55,1.00,47.50,41.81,1,3,1
593,14,609.07,115.20,109.37,84.41,1,3,1
593,15,707.63,6.19,48.14,37.91,1,3,1
594,14,615.47,113.07,108.09,81.85,1,3,1
594,15,705.71,7.68,48.78,37.69,1,3,1
595,14,621.87,110.93,106.81,79.30,1,3,1
595,15,703.79,9.17,49.42,37.48,1,3,1
596,14,628.27,108.80,105.53,76.73,1,3,1
596,15,701.87,10.67,50.06,37.27,1,3,1
597,14,634.88,105.81,102.97,75.46,1,3,1
597,15,699.73,10.45,50.07,37.27,1,3,1
598,14,641.49,102.83,100.42,74.17,1,3,1
598,15,697.60,10.24,50.07,37.27,1,3,1
599,14,648.11,99.84,97.85,72.89,1,3,1
599,15,695.47,10.03,50.06,37.27,1,3,1
600,14,654.72,96.85,95.29,71.62,1,3,1
600,15,693.33,9.81,50.07,37.27,1,3,1
601,14,661.33,93.87,92.74,70.33,1,3,1
601,15,691.20,9.60,50.07,37.27,1,3,1
602,14,666.45,91.31,93.80,69.90,1,3,1
602,15,689.28,10.24,50.49,38.12,1,3,1
603,14,671.57,88.75,94.87,69.48,1,3,1
603,15,687.36,10.88,50.92,38.97,1,3,1
604,14,676.69,86.19,95.94,69.05,1,3,1
604,15,685.44,11.52,51.35,39.83,1,3,1
605,14,681.81,83.63,97.00,68.62,1,3,1
605,15,683.52,12.16,51.77,40.68,1,3,1
606,14,686.93,81.07,98.07,68.20,1,3,1
606,15,681.60,12.80,52.20,41.53,1,3,1
607,14,691.84,79.36,92.95,65.85,1,3,1
607,15,678.61,14.08,52.20,40.89,1,3,1
608,14,696.75,77.65,87.82,63.51,1,3,1
608,15,675.63,15.36,52.20,40.25,1,3,1
609,14,701.65,75.95,82.71,61.16,1,3,1
609,15,672.64,16.64,52.20,39.61,1,3,1
610,14,706.56,74.24,77.59,58.81,1,3,1
610,15,669.65,17.92,52.20,38.97,1,3,1
611,14,711.47,72.53,72.46,56.47,1,3,1
611,15,666.67,19.20,52.20,38.33,1,3,1
612,14,714.67,70.61,74.17,55.83,1,3,1
612,15,663.47,19.20,53.05,38.97,1,3,1
613,14,717.87,68.69,75.88,55.19,1,3,1
613,15,660.27,19.20,53.90,39.61,1,3,1
614,14,721.07,66.77,77.58,54.55,1,3,1
614,15,657.07,19.20,54.76,40.25,1,3,1
615,14,724.27,64.85,79.29,53.91,1,3,1
615,15,653.87,19.20,55.61,40.89,1,3,1
616,14,727.47,62.93,81.00,53.27,1,3,1
616,15,650.67,19.20,56.46,41.53,1,3,1
617,14,732.37,60.16,79.08,53.69,1,3,1
617,15,647.47,20.27,57.74,42.39,1,3,1
618,14,737.28,57.39,77.16,54.12,1,3,1
618,15,644.27,21.33,59.02,43.24,1,3,1
619,14,742.19,54.61,75.24,54.55,1,3,1
619,15,641.07,22.40,60.30,44.09,1,3,1
620,14,747.09,51.84,73.32,54.97,1,3,1
620,15,637.87,23.47,61.58,44.95,1,3,1
621,14,752.00,49.07,71.40,55.40,1,3,1
621,15,634.67,24.53,62.86,45.80,1,3,1
622,14,754.13,47.79,72.47,54.76,1,3,1
622,15,632.32,25.17,62.01,46.87,1,3,1
623,14,756.27,46.51,73.53,54.12,1,3,1
623,15,629.97,25.81,61.16,47.93,1,3,1
624,14,758.40,45.23,74.60,53.48,1,3,1
624,15,627.63,26.45,60.30,49.00,1,3,1
625,14,760.53,43.95,75.67,52.84,1,3,1
625,15,625.28,27.09,59.45,50.07,1,3,1
626,14,762.67,42.67,76.73,52.20,1,3,1
626,15,622.93,27.73,58.60,51.13,1,3,1
627,14,766.08,42.03,75.03,50.71,1,3,1
627,15,619.73,29.01,59.46,50.07,1,3,1
628,14,769.49,41.39,73.32,49.21,1,3,1
628,15,616.53,30.29,60.31,49.00,1,3,1
629,14,772.91,40.75,71.61,47.72,1,3,1
629,15,613.33,31.57,61.16,47.93,1,3,1
630,14,776.32,40.11,69.91,46.23,1,3,1
630,15,610.13,32.85,62.02,46.87,1,3,1
631,14,779.73,39.47,68.20,44.73,1,3,1
631,15,606.93,34.13,62.87,45.80,1,3,1
632,14,782.51,37.12,68.41,45.16,1,3,1
632,15,603.52,34.56,64.15,47.08,1,3,1
633,14,785.28,34.77,68.63,45.59,1,3,1
633,15,600.11,34.99,65.42,48.36,1,3,1
634,14,788.05,32.43,68.84,46.01,1,3,1
634,15,596.69,35.41,66.71,49.64,1,3,1
635,14,790.83,30.08,69.05,46.44,1,3,1
635,15,593.28,35.84,67.99,50.92,1,3,1
636,14,793.60,27.73,69.27,46.87,1,3,1
636,15,589.87,36.27,69.26,52.20,1,3,1
637,14,794.88,26.24,68.41,47.08,1,3,1
637,15,586.67,37.97,69.69,51.13,1,3,1
638,14,796.16,24.75,67.56,47.29,1,3,1
638,15,583.47,39.68,70.12,50.07,1,3,1
639,14,797.44,23.25,66.71,47.51,1,3,1
639,15,580.27,41.39,70.54,49.00,1,3,1
640,14,798.72,21.76,65.85,47.72,1,3,1
640,15,577.07,43.09,70.97,47.93,1,3,1
641,14,800.00,20.27,65.00,47.93,1,3,1
641,15,573.87,44.80,71.40,46.87,1,3,1
642,14,803.84,20.05,63.72,46.44,1,3,1
642,15,569.60,45.87,71.61,47.29,1,3,1
643,14,807.68,19.84,62.44,44.95,1,3,1
643,15,565.33,46.93,71.83,47.72,1,3,1
644,14,811.52,19.63,61.16,43.45,1,3,1
644,15,561.07,48.00,72.04,48.15,1,3,1
645,14,815.36,19.41,59.88,41.96,1,3,1
645,15,556.80,49.07,72.25,48.57,1,3,1
646,14,819.20,19.20,58.60,40.47,1,3,1
646,15,552.53,50.13,72.47,49.00,1,3,1
647,14,821.12,18.56,58.39,39.83,1,3,1
647,15,549.97,51.63,72.47,49.64,1,3,1
648,14,823.04,17.92,58.17,39.19,1,3,1
648,15,547.41,53.12,72.47,50.28,1,3,1
649,14,824.96,17.28,57.96,38.55,1,3,1
649,15,544.85,54.61,72.47,50.92,1,3,1
650,14,826.88,16.64,57.75,37.91,1,3,1
650,15,542.29,56.11,72.47,51.56,1,3,1
651,14,828.80,16.00,57.53,37.27,1,3,1
651,15,539.73,57.60,72.47,52.20,1,3,1
652,14,831.36,14.72,56.47,37.05,1,3,1
652,15,537.39,58.24,70.76,53.05,1,3,1
653,14,833.92,13.44,55.40,36.84,1,3,1
653,15,535.04,58.88,69.05,53.91,1,3,1
654,14,836.48,12.16,54.33,36.63,1,3,1
654,15,532.69,59.52,67.35,54.76,1,3,1
655,14,839.04,10.88,53.27,36.41,1,3,1
655,15,530.35,60.16,65.64,55.61,1,3,1
656,14,841.60,9.60,52.20,36.20,1,3,1
656,15,528.00,60.80,63.93,56.47,1,3,1
657,14,842.67,8.75,52.41,35.99,1,3,1
657,15,523.09,61.87,66.07,56.89,1,3,1
658,14,843.73,7.89,52.63,35.77,1,3,1
658,15,518.19,62.93,68.20,57.32,1,3,1
659,14,844.80,7.04,52.84,35.56,1,3,1
659,15,513.28,64.00,70.33,57.75,1,3,1
660,14,845.87,6.19,53.05,35.35,1,3,1
660,15,508.37,65.07,72.47,58.17,1,3,1
661,14,846.93,1.00,53.27,39.47,1,3,1
661,15,503.47,66.13,74.60,58.60,1,3,1
662,15,500.48,67.41,75.67,60.10,1,3,1
663,15,497.49,68.69,76.74,61.59,1,3,1
664,15,494.51,69.97,77.80,63.08,1,3,1
665,15,491.52,71.25,78.87,64.58,1,3,1
666,15,488.53,72.53,79.94,66.07,1,3,1
667,15,484.69,73.60,79.51,65.43,1,3,1
668,15,480.85,74.67,79.08,64.78,1,3,1
669,15,477.01,75.73,78.66,64.15,1,3,1
670,15,473.17,76.80,78.23,63.51,1,3,1
671,15,469.33,77.87,77.80,62.86,1,3,1
672,15,464.43,79.36,81.21,62.44,1,3,1
673,15,459.52,80.85,84.63,62.02,1,3,1
674,15,454.61,82.35,88.04,61.58,1,3,1
675,15,449.71,83.84,91.45,61.16,1,3,1
676,15,444.80,85.33,94.87,60.74,1,3,1
677,15,440.53,86.61,93.80,61.59,1,3,1
678,15,436.27,87.89,92.73,62.44,1,3,1
679,15,432.00,89.17,91.67,63.30,1,3,1
680,15,427.73,90.45,90.60,64.15,1,3,1
681,15,423.47,91.73,89.53,65.00,1,3,1
682,15,419.84,93.01,89.32,64.36,1,3,1
683,15,416.21,94.29,89.11,63.72,1,3,1
684,15,412.59,95.57,88.89,63.08,1,3,1
685,15,408.96,96.85,88.68,62.44,1,3,1
686,15,405.33,98.13,88.47,61.80,1,3,1
687,15,400.21,99.63,91.24,62.65,1,3,1
688,15,395.09,101.12,94.02,63.51,1,3,1
689,15,389.97,102.61,96.79,64.36,1,3,1
690,15,384.85,104.11,99.56,65.21,1,3,1
691,15,379.73,105.60,102.34,66.07,1,3,1
692,15,375.68,107.52,102.97,65.21,1,3,1
693,15,371.63,109.44,103.61,64.36,1,3,1
694,15,367.57,111.36,104.26,63.51,1,3,1
695,15,363.52,113.28,104.89,62.65,1,3,1
696,15,359.47,115.20,105.53,61.80,1,3,1
697,15,354.77,116.48,107.03,63.51,1,3,1
698,15,350.08,117.76,108.52,65.21,1,3,1
699,15,345.39,119.04,110.01,66.92,1,3,1
700,15,340.69,120.32,111.51,68.63,1,3,1
701,15,336.00,121.60,113.00,70.33,1,3,1
702,15,333.23,122.88,111.29,70.55,1,3,1
703,15,330.45,124.16,109.59,70.76,1,3,1
704,15,327.68,125.44,107.88,70.97,1,3,1
705,15,324.91,126.72,106.17,71.19,1,3,1
706,15,322.13,128.00,104.47,71.40,1,3,1
707,15,316.16,129.28,105.32,72.47,1,3,1
708,15,310.19,130.56,106.17,73.53,1,3,1
709,15,304.21,131.84,107.03,74.60,1,3,1
710,15,298.24,133.12,107.88,75.67,1,3,1
711,15,292.27,134.40,108.73,76.73,1,3,1
712,15,289.28,135.25,108.73,77.38,1,3,1
713,15,286.29,136.11,108.74,78.01,1,3,1
714,15,283.31,136.96,108.73,78.65,1,3,1
715,15,280.32,137.81,108.73,79.30,1,3,1
716,15,277.33,138.67,108.74,79.93,1,3,1
717,15,272.00,140.16,111.29,79.29,1,3,1
718,15,266.67,141.65,113.85,78.66,1,3,1
719,15,261.33,143.15,116.42,78.01,1,3,1
720,15,256.00,144.64,118.97,77.37,1,3,1
721,15,250.67,146.13,121.53,76.74,1,3,1
722,15,247.68,148.05,123.24,78.23,1,3,1
723,15,244.69,149.97,124.95,79.72,1,3,1
724,15,241.71,151.89,126.65,81.22,1,3,1
725,15,238.72,153.81,128.36,82.71,1,3,1
726,15,235.73,155.73,130.07,84.20,1,3,1
727,15,229.12,157.65,132.63,83.99,1,3,1
728,15,222.51,159.57,135.18,83.78,1,3,1
729,15,215.89,161.49,137.75,83.56,1,3,1
730,15,209.28,163.41,140.31,83.35,1,3,1
731,15,202.67,165.33,142.86,83.14,1,3,1
732,15,199.25,166.61,145.22,80.15,1,3,1
733,15,195.84,167.89,147.56,77.16,1,3,1
734,15,192.43,169.17,149.90,74.18,1,3,1
735,15,189.01,170.45,152.26,71.19,1,3,1
736,15,185.60,171.73,154.60,68.20,1,3,1
737,15,180.91,174.08,153.74,69.48,1,3,1
738,15,176.21,176.43,152.90,70.76,1,3,1
739,15,171.52,178.77,152.04,72.04,1,3,1
740,15,166.83,181.12,151.18,73.32,1,3,1
741,15,162.13,183.47,150.34,74.60,1,3,1
742,15,160.21,183.25,148.63,76.74,1,3,1
743,15,158.29,183.04,146.92,78.87,1,3,1
744,15,156.37,182.83,145.22,81.00,1,3,1
745,15,154.45,182.61,143.51,83.14,1,3,1
746,15,152.53,182.40,141.80,85.27,1,3,1
747,15,145.28,184.32,146.92,84.20,1,3,1
748,15,138.03,186.24,152.04,83.13,1,3,1
749,15,130.77,188.16,157.16,82.07,1,3,1
750,15,123.52,190.08,162.28,81.00,1,3,1
751,15,116.27,192.00,167.40,79.93,1,3,1
752,15,110.29,192.85,168.90,81.22,1,3,1
753,15,104.32,193.71,170.39,82.49,1,3,1
754,15,98.35,194.56,171.88,83.77,1,3,1
755,15,92.37,195.41,173.38,85.06,1,3,1
756,15,86.40,196.27,174.87,86.33,1,3,1
757,15,83.41,197.12,176.58,85.91,1,3,1
758,15,80.43,197.97,178.28,85.48,1,3,1
759,15,77.44,198.83,179.99,85.05,1,3,1
760,15,74.45,199.68,181.70,84.63,1,3,1
761,15,71.47,200.53,183.40,84.20,1,3,1
762,15,66.13,199.89,184.26,88.04,1,3,1
763,15,60.80,199.25,185.11,91.88,1,3,1
764,15,55.47,198.61,185.96,95.72,1,3,1
765,15,50.13,197.97,186.82,99.56,1,3,1
766,15,44.80,197.33,187.67,103.40,1,3,1
767,15,42.67,199.47,186.60,99.13,1,3,1
768,15,40.53,201.60,185.54,94.87,1,3,1
769,15,38.40,203.73,184.47,90.60,1,3,1
770,15,36.27,205.87,183.40,86.33,1,3,1
771,15,34.13,208.00,182.34,82.07,1,3,1
772,15,29.87,208.64,183.40,82.92,1,3,1
773,15,25.60,209.28,184.47,83.77,1,3,1
774,15,21.33,209.92,185.54,84.63,1,3,1
775,15,17.07,210.56,186.60,85.48,1,3,1
776,15,12.80,211.20,187.67,86.33,1,3,1
777,15,1.00,212.27,193.49,86.54,1,3,1
778,15,1.00,213.33,187.52,86.76,1,3,1
779,15,1.00,214.40,181.55,86.97,1,3,1
780,15,1.00,215.47,175.57,87.18,1,3,1
781,15,1.00,216.53,169.60,87.40,1,3,1
782,15,1.00,215.89,166.40,90.82,1,3,1
783,15,1.00,215.25,163.20,94.23,1,3,1
784,15,1.00,214.61,160.00,97.64,1,3,1
785,15,1.00,213.97,156.80,101.06,1,3,1
786,15,1.00,213.33,153.60,104.47,1,3,1
787,15,1.00,214.83,151.47,102.33,1,3,1
788,15,1.00,216.32,149.33,100.20,1,3,1
789,15,1.00,217.81,147.20,98.07,1,3,1
790,15,1.00,219.31,145.07,95.93,1,3,1
791,15,1.00,220.80,142.93,93.80,1,3,1
792,15,1.00,220.59,139.95,91.02,1,3,1
793,15,1.00,220.37,136.96,88.26,1,3,1
794,15,1.00,220.16,133.97,85.48,1,3,1
795,15,1.00,219.95,130.99,82.70,1,3,1
796,15,1.00,219.73,128.00,79.94,1,3,1
797,15,1.00,220.59,127.15,79.08,1,3,1
798,15,1.00,221.44,126.29,78.23,1,3,1
799,15,1.00,222.29,125.44,77.38,1,3,1
800,15,1.00,223.15,124.59,76.52,1,3,1
801,15,1.00,224.00,123.73,75.67,1,3,1
802,15,1.00,225.28,120.32,74.17,1,3,1
803,15,1.00,226.56,116.91,72.68,1,3,1
804,15,1.00,227.84,113.49,71.19,1,3,1
805,15,1.00,229.12,110.08,69.69,1,3,1
806,15,1.00,230.40,106.67,68.20,1,3,1
807,15,1.00,230.61,104.11,68.63,1,3,1
808,15,1.00,230.83,101.55,69.05,1,3,1
809,15,1.00,231.04,98.99,69.48,1,3,1
810,15,1.00,231.25,96.43,69.91,1,3,1
811,15,1.00,231.47,93.87,70.33,1,3,1
812,15,1.00,230.61,91.52,71.19,1,3,1
813,15,1.00,229.76,89.17,72.04,1,3,1
814,15,1.00,228.91,86.83,72.89,1,3,1
815,15,1.00,228.05,84.48,73.75,1,3,1
816,15,1.00,227.20,82.13,74.60,1,3,1
816,16,19.20,390.40,281.53,150.60,1,3,1
817,15,1.00,228.48,80.21,73.53,1,3,1
817,16,55.47,376.32,270.86,164.68,1,3,1
818,15,1.00,229.76,78.29,72.47,1,3,1
818,16,91.73,362.24,260.20,158.87,1,3,1
819,15,1.00,231.04,76.37,71.40,1,3,1
819,16,128.00,348.16,249.53,149.27,1,3,1
820,15,1.00,232.32,74.45,70.33,1,3,1
820,16,164.27,334.08,238.86,139.67,1,3,1
821,15,1.00,233.60,72.53,69.27,1,3,1
821,16,200.53,320.00,228.20,130.07,1,3,1
822,15,1.00,234.24,70.40,68.84,1,3,1
822,16,232.11,305.28,218.38,129.43,1,3,1
823,15,1.00,234.88,68.27,68.41,1,3,1
823,16,263.68,290.56,208.57,128.79,1,3,1
824,15,1.00,235.52,66.13,67.99,1,3,1
824,16,295.25,275.84,198.76,128.15,1,3,1
825,15,1.00,236.16,64.00,67.56,1,3,1
825,16,326.83,261.12,188.94,127.51,1,3,1
826,15,1.00,236.80,61.87,67.13,1,3,1
826,16,358.40,246.40,179.13,126.87,1,3,1
827,15,1.00,237.01,58.88,67.35,1,3,1
827,16,378.24,237.44,173.37,120.04,1,3,1
828,15,1.00,237.23,55.89,67.56,1,3,1
828,16,398.08,228.48,167.61,113.21,1,3,1
829,15,1.00,237.44,52.91,67.77,1,3,1
829,16,417.92,219.52,161.85,106.39,1,3,1
830,15,1.00,237.65,49.92,67.99,1,3,1
830,16,437.76,210.56,156.09,99.56,1,3,1
831,15,1.00,237.87,46.93,68.20,1,3,1
831,16,457.60,201.60,150.33,92.73,1,3,1
832,15,1.00,237.65,46.72,66.71,1,3,1
832,16,474.45,192.43,143.72,92.52,1,3,1
833,15,1.00,237.44,46.51,65.21,1,3,1
833,16,491.31,183.25,137.10,92.31,1,3,1
834,15,1.00,237.23,46.29,63.72,1,3,1
834,16,508.16,174.08,130.49,92.09,1,3,1
835,15,1.00,237.01,46.08,62.23,1,3,1
835,16,525.01,164.91,123.88,91.88,1,3,1
836,15,1.00,236.80,45.87,60.73,1,3,1
836,16,541.87,155.73,117.26,91.67,1,3,1
837,15,1.00,237.65,43.52,60.10,1,3,1
837,16,552.53,151.68,116.20,88.89,1,3,1
838,15,1.00,238.51,41.17,59.45,1,3,1
838,16,563.20,147.63,115.13,86.12,1,3,1
839,15,1.00,239.36,38.83,58.81,1,3,1
839,16,573.87,143.57,114.06,83.35,1,3,1
840,15,1.00,240.21,36.48,58.18,1,3,1
840,16,584.53,139.52,113.00,80.57,1,3,1
841,15,1.00,241.07,34.13,57.53,1,3,1
841,16,595.20,135.47,111.93,77.80,1,3,1
842,15,1.00,241.92,32.21,56.89,1,3,1
842,16,606.29,129.92,108.52,76.09,1,3,1
843,15,1.00,242.77,30.29,56.26,1,3,1
843,16,617.39,124.37,105.10,74.39,1,3,1
844,15,1.00,243.63,28.37,55.61,1,3,1
844,16,628.48,118.83,101.69,72.68,1,3,1
845,15,1.00,244.48,26.45,54.97,1,3,1
845,16,639.57,113.28,98.28,70.97,1,3,1
846,15,1.00,245.33,24.53,54.34,1,3,1
846,16,650.67,107.73,94.86,69.27,1,3,1
847,15,1.00,244.48,24.96,54.55,1,3,1
847,16,658.99,103.68,94.44,68.20,1,3,1
848,15,1.00,243.63,25.39,54.76,1,3,1
848,16,667.31,99.63,94.01,67.13,1,3,1
849,15,1.00,242.77,25.81,54.98,1,3,1
849,16,675.63,95.57,93.58,66.07,1,3,1
850,15,1.00,241.92,26.24,55.19,1,3,1
850,16,683.95,91.52,93.16,65.00,1,3,1
851,15,1.00,241.07,26.67,55.40,1,3,1
851,16,692.27,87.47,92.73,63.93,1,3,1
852,15,1.00,241.92,26.24,54.55,1,3,1
852,16,700.16,84.69,88.25,63.30,1,3,1
853,15,1.00,242.77,25.81,53.70,1,3,1
853,16,708.05,81.92,83.78,62.65,1,3,1
854,15,1.00,243.63,25.39,52.84,1,3,1
854,16,715.95,79.15,79.29,62.01,1,3,1
855,15,1.00,244.48,24.96,51.99,1,3,1
855,16,723.84,76.37,74.81,61.38,1,3,1
856,15,1.00,245.33,24.53,51.14,1,3,1
856,16,731.73,73.60,70.34,60.73,1,3,1
857,15,1.00,244.48,23.04,51.77,1,3,1
857,16,736.43,70.61,71.18,59.88,1,3,1
858,15,1.00,243.63,21.55,52.41,1,3,1
858,16,741.12,67.63,72.04,59.02,1,3,1
859,15,1.00,242.77,20.05,53.06,1,3,1
859,16,745.81,64.64,72.90,58.17,1,3,1
860,15,1.00,241.92,18.56,53.69,1,3,1
860,16,750.51,61.65,73.74,57.32,1,3,1
861,15,1.00,241.07,17.07,54.33,1,3,1
861,16,755.20,58.67,74.60,56.46,1,3,1
862,16,760.53,56.11,72.26,56.46,1,3,1
863,16,765.87,53.55,69.90,56.46,1,3,1
864,16,771.20,50.99,67.56,56.46,1,3,1
865,16,776.53,48.43,65.22,56.46,1,3,1
866,16,781.87,45.87,62.86,56.46,1,3,1
867,16,784.21,43.73,65.64,55.61,1,3,1
868,16,786.56,41.60,68.41,54.76,1,3,1
869,16,788.91,39.47,71.18,53.91,1,3,1
870,16,791.25,37.33,73.96,53.05,1,3,1
871,16,793.60,35.20,76.73,52.20,1,3,1
872,16,798.08,34.13,73.32,49.85,1,3,1
873,16,802.56,33.07,69.91,47.51,1,3,1
874,16,807.04,32.00,66.49,45.16,1,3,1
875,16,811.52,30.93,63.08,42.81,1,3,1
876,16,816.00,29.87,59.67,40.47,1,3,1
877,16,819.63,27.31,58.81,42.17,1,3,1
878,16,823.25,24.75,57.96,43.88,1,3,1
879,16,826.88,22.19,57.11,45.59,1,3,1
880,16,830.51,19.63,56.25,47.29,1,3,1
881,16,834.13,17.07,55.40,49.00,1,3,1
882,16,836.91,16.64,55.40,46.65,1,3,1
883,16,839.68,16.21,55.40,44.31,1,3,1
884,16,842.45,15.79,55.40,41.96,1,3,1
885,16,845.23,15.36,55.40,39.61,1,3,1
886,16,848.00,14.93,55.40,37.27,1,3,1
887,16,850.56,12.80,54.97,37.27,1,3,1
888,16,853.12,10.67,54.55,37.27,1,3,1
889,16,855.68,8.53,54.12,37.27,1,3,1
890,16,858.24,6.40,53.69,37.27,1,3,1
891,16,860.80,1.00,53.27,40.53,1,3,1
1096,17,44.80,474.67,269.80,66.33,1,3,1
1097,17,63.15,457.39,274.28,83.61,1,3,1
1098,17,81.49,440.11,278.76,100.89,1,3,1
1099,17,99.84,422.83,283.24,118.17,1,3,1
1100,17,118.19,405.55,287.72,135.45,1,3,1
1101,17,136.53,388.27,292.20,152.73,1,3,1
1102,17,164.69,375.89,279.83,165.11,1,3,1
1103,17,192.85,363.52,267.46,170.39,1,3,1
1104,17,221.01,351.15,255.08,169.74,1,3,1
1105,17,249.17,338.77,242.71,169.11,1,3,1
1106,17,277.33,326.40,230.34,168.47,1,3,1
1107,17,294.19,316.16,229.69,161.43,1,3,1
1108,17,311.04,305.92,229.05,154.39,1,3,1
1109,17,327.89,295.68,228.42,147.35,1,3,1
1110,17,344.75,285.44,227.77,140.31,1,3,1
1111,17,361.60,275.20,227.13,133.27,1,3,1
1112,17,380.16,265.81,217.32,133.27,1,3,1
1113,17,398.72,256.43,207.51,133.26,1,3,1
1114,17,417.28,247.04,197.69,133.27,1,3,1
1115,17,435.84,237.65,187.88,133.27,1,3,1
1116,17,454.40,228.27,178.07,133.26,1,3,1
1117,17,468.05,222.93,172.74,129.00,1,3,1
1118,17,481.71,217.60,167.40,124.73,1,3,1
1119,17,495.36,212.27,162.07,120.46,1,3,1
1120,17,509.01,206.93,156.74,116.20,1,3,1
1121,17,522.67,201.60,151.40,111.93,1,3,1
1122,17,535.25,196.05,146.92,109.80,1,3,1
1123,17,547.84,190.51,142.44,107.66,1,3,1
1124,17,560.43,184.96,137.96,105.53,1,3,1
1125,17,573.01,179.41,133.48,103.40,1,3,1
1126,17,585.60,173.87,129.00,101.26,1,3,1
1127,17,593.71,168.75,129.00,99.77,1,3,1
1128,17,601.81,163.63,129.00,98.28,1,3,1
1129,17,609.92,158.51,129.00,96.78,1,3,1
1130,17,618.03,153.39,129.00,95.29,1,3,1
1131,17,626.13,148.27,129.00,93.80,1,3,1
1132,17,633.81,143.79,124.31,92.52,1,3,1
1133,17,641.49,139.31,119.62,91.24,1,3,1
1134,17,649.17,134.83,114.92,89.96,1,3,1
1135,17,656.85,130.35,110.23,88.68,1,3,1
1136,17,664.53,125.87,105.54,87.40,1,3,1
1137,17,671.36,122.24,104.68,85.27,1,3,1
1138,17,678.19,118.61,103.82,83.14,1,3,1
1139,17,685.01,114.99,102.98,81.00,1,3,1
1140,17,691.84,111.36,102.12,78.87,1,3,1
1141,17,698.67,107.73,101.26,76.74,1,3,1
1142,17,703.57,105.39,99.99,75.02,1,3,1
1143,17,708.48,103.04,98.71,73.32,1,3,1
1144,17,713.39,100.69,97.42,71.62,1,3,1
1145,17,718.29,98.35,96.15,69.90,1,3,1
1146,17,723.20,96.00,94.87,68.20,1,3,1
1147,17,728.53,93.44,93.16,68.41,1,3,1
1148,17,733.87,90.88,91.45,68.63,1,3,1
1149,17,739.20,88.32,89.75,68.84,1,3,1
1150,17,744.53,85.76,88.04,69.05,1,3,1
1151,17,749.87,83.20,86.33,69.27,1,3,1
1152,17,752.85,80.64,86.34,67.13,1,3,1
1153,17,755.84,78.08,86.33,65.00,1,3,1
1154,17,758.83,75.52,86.33,62.87,1,3,1
1155,17,761.81,72.96,86.34,60.73,1,3,1
1156,17,764.80,70.40,86.33,58.60,1,3,1
1157,17,771.47,69.60,82.60,56.47,1,3,1
1158,17,778.13,68.80,78.87,54.33,1,3,1
1159,17,784.80,68.00,75.13,52.20,1,3,1
1160,17,791.47,67.20,71.40,50.07,1,3,1
