1,1,740.80,293.73,117.05,92.71,1,3,1
1,2,636.20,166.21,64.00,46.85,1,3,1
1,3,363.94,197.73,64.05,58.31,1,3,1
1,4,293.73,167.64,55.45,48.29,1,3,1
2,1,736.50,288.71,116.10,91.04,1,3,1
2,2,635.20,164.54,63.85,46.85,1,3,1
2,3,363.94,198.93,63.81,58.78,1,3,1
2,4,293.97,167.41,54.73,48.52,1,3,1
3,1,732.20,283.70,115.15,89.36,1,3,1
3,2,634.25,162.87,63.60,46.85,1,3,1
3,3,363.94,200.12,63.57,59.27,1,3,1
3,4,294.21,167.16,54.02,48.77,1,3,1
4,1,727.90,278.69,114.15,87.69,1,3,1
4,2,633.30,161.19,63.35,46.85,1,3,1
4,3,363.94,201.32,63.33,59.74,1,3,1
4,4,294.45,166.93,53.30,49.00,1,3,1
5,1,723.60,273.67,113.20,86.02,1,3,1
5,2,632.35,159.52,63.10,46.86,1,3,1
5,3,363.94,202.51,63.09,60.22,1,3,1
5,4,294.69,166.69,52.58,49.24,1,3,1
6,1,719.30,268.65,112.25,84.35,1,3,1
6,2,631.40,157.85,62.85,46.85,1,3,1
6,3,363.94,203.70,62.85,60.70,1,3,1
6,4,294.93,166.45,51.86,49.48,1,3,1
7,1,715.00,263.64,111.30,82.68,1,3,1
7,2,630.45,156.18,62.60,46.85,1,3,1
7,3,363.94,204.90,62.61,61.17,1,3,1
7,4,295.17,166.21,51.15,49.72,1,3,1
8,1,712.10,259.58,110.15,81.72,1,3,1
8,2,629.95,154.51,61.20,46.61,1,3,1
8,3,362.99,205.38,64.52,61.89,1,3,1
8,4,295.40,165.50,50.92,50.19,1,3,1
9,1,709.25,255.52,108.95,80.77,1,3,1
9,2,629.50,152.84,59.75,46.37,1,3,1
9,3,362.03,205.85,66.43,62.61,1,3,1
9,4,295.64,164.78,50.68,50.67,1,3,1
10,1,706.40,251.47,107.75,79.80,1,3,1
10,2,629.00,151.16,58.35,46.14,1,3,1
10,3,361.07,206.33,68.35,63.32,1,3,1
10,4,295.88,164.06,50.44,51.15,1,3,1
11,1,703.50,247.41,106.55,78.85,1,3,1
11,2,628.55,149.50,56.85,45.89,1,3,1
11,3,360.12,206.81,70.26,64.04,1,3,1
11,4,296.12,163.35,50.20,51.62,1,3,1
12,1,700.65,243.35,105.35,77.89,1,3,1
12,2,628.05,147.82,55.45,45.66,1,3,1
12,3,359.17,207.29,72.16,64.76,1,3,1
12,4,296.36,162.63,49.96,52.10,1,3,1
13,1,697.80,239.29,104.15,76.94,1,3,1
13,2,627.60,146.15,54.00,45.42,1,3,1
13,3,358.21,207.76,74.08,65.48,1,3,1
13,4,296.60,161.91,49.72,52.59,1,3,1
14,1,696.35,235.70,101.55,75.27,1,3,1
14,2,626.40,144.96,54.50,45.17,1,3,1
14,3,358.45,208.48,73.60,65.71,1,3,1
14,4,296.36,161.67,49.96,53.30,1,3,1
15,1,694.95,232.12,98.90,73.59,1,3,1
15,2,625.20,143.76,54.95,44.94,1,3,1
15,3,358.69,209.19,73.12,65.96,1,3,1
15,4,296.12,161.44,50.20,54.01,1,3,1
16,1,693.50,228.54,96.30,71.92,1,3,1
16,2,624.00,142.57,55.45,44.70,1,3,1
16,3,358.93,209.91,72.64,66.20,1,3,1
16,4,295.88,161.19,50.44,54.74,1,3,1
17,1,692.05,224.96,93.65,70.25,1,3,1
17,2,622.80,141.38,55.95,44.46,1,3,1
17,3,359.17,210.63,72.16,66.43,1,3,1
17,4,295.64,160.96,50.68,55.45,1,3,1
18,1,690.65,221.38,91.00,68.57,1,3,1
18,2,621.60,140.18,56.40,44.23,1,3,1
18,3,359.40,211.35,71.69,66.66,1,3,1
18,4,295.40,160.72,50.92,56.16,1,3,1
19,1,689.20,217.79,88.40,66.91,1,3,1
19,2,620.40,138.99,56.90,43.98,1,3,1
19,3,359.64,212.06,71.21,66.91,1,3,1
19,4,295.17,160.48,51.15,56.88,1,3,1
20,1,687.30,215.64,86.95,65.48,1,3,1
20,2,619.95,137.55,55.90,43.75,1,3,1
20,3,359.40,213.50,70.73,67.14,1,3,1
20,4,294.93,161.19,51.39,55.93,1,3,1
21,1,685.35,213.50,85.55,64.04,1,3,1
21,2,619.45,136.12,55.00,43.51,1,3,1
21,3,359.17,214.93,70.25,67.39,1,3,1
21,4,294.69,161.91,51.63,54.97,1,3,1
22,1,683.45,211.35,84.10,62.60,1,3,1
22,2,619.00,134.69,54.00,43.27,1,3,1
22,3,358.93,216.36,69.77,67.63,1,3,1
22,4,294.45,162.63,51.87,54.01,1,3,1
23,1,681.55,209.19,82.65,61.19,1,3,1
23,2,618.50,133.26,53.05,43.03,1,3,1
23,3,358.69,217.79,69.30,67.86,1,3,1
23,4,294.21,163.35,52.11,53.06,1,3,1
24,1,679.65,207.04,81.25,59.75,1,3,1
24,2,618.05,131.82,52.10,42.79,1,3,1
24,3,358.45,219.22,68.82,68.11,1,3,1
24,4,293.97,164.06,52.35,52.10,1,3,1
25,1,677.75,204.90,79.80,58.31,1,3,1
25,2,617.55,130.39,51.15,42.55,1,3,1
25,3,358.21,220.66,68.34,68.34,1,3,1
25,4,293.73,164.78,52.59,51.15,1,3,1
26,1,676.30,202.27,78.60,57.84,1,3,1
26,2,616.60,130.63,51.40,41.59,1,3,1
26,3,356.77,221.85,70.50,70.02,1,3,1
26,4,294.21,165.50,51.86,50.43,1,3,1
27,1,674.85,199.64,77.45,57.36,1,3,1
27,2,615.65,130.87,51.60,40.64,1,3,1
27,3,355.35,223.04,72.64,71.69,1,3,1
27,4,294.69,166.21,51.14,49.72,1,3,1
28,1,673.45,197.01,76.20,56.89,1,3,1
28,2,614.70,131.10,51.85,39.69,1,3,1
28,3,353.91,224.24,74.79,73.36,1,3,1
28,4,295.17,166.93,50.43,49.00,1,3,1
29,1,672.00,194.39,75.05,56.40,1,3,1
29,2,613.75,131.35,52.10,38.72,1,3,1
29,3,352.48,225.44,76.94,75.02,1,3,1
29,4,295.64,167.64,49.72,48.29,1,3,1
30,1,670.55,191.76,73.85,55.93,1,3,1
30,2,612.80,131.58,52.30,37.78,1,3,1
30,3,351.05,226.63,79.08,76.70,1,3,1
30,4,296.12,168.36,49.00,47.57,1,3,1
31,1,669.15,189.13,72.65,55.45,1,3,1
31,2,611.80,131.82,52.60,36.82,1,3,1
31,3,349.61,227.82,81.24,78.37,1,3,1
31,4,296.60,169.07,48.28,46.86,1,3,1
32,1,667.95,187.70,71.90,54.26,1,3,1
32,2,611.60,130.39,51.60,36.58,1,3,1
32,3,349.61,229.73,81.24,78.62,1,3,1
32,4,296.60,168.84,48.76,46.37,1,3,1
33,1,666.75,186.27,71.20,53.06,1,3,1
33,2,611.35,128.96,50.65,36.34,1,3,1
33,3,349.61,231.64,81.24,78.86,1,3,1
33,4,296.60,168.60,49.23,45.90,1,3,1
34,1,665.55,184.84,70.50,51.86,1,3,1
34,2,611.10,127.52,49.70,36.11,1,3,1
34,3,349.61,233.55,81.24,79.09,1,3,1
34,4,296.60,168.36,49.72,45.42,1,3,1
35,1,664.35,183.41,69.80,50.66,1,3,1
35,2,610.85,126.09,48.80,35.87,1,3,1
35,3,349.61,235.47,81.24,79.32,1,3,1
35,4,296.60,168.12,50.19,44.94,1,3,1
36,1,663.15,181.97,69.05,49.48,1,3,1
36,2,610.65,124.66,47.80,35.63,1,3,1
36,3,349.61,237.38,81.24,79.56,1,3,1
36,4,296.60,167.88,50.67,44.47,1,3,1
37,1,661.95,180.54,68.35,48.28,1,3,1
37,2,610.40,123.22,46.85,35.39,1,3,1
37,3,349.61,239.29,81.24,79.80,1,3,1
37,4,296.60,167.64,51.15,43.99,1,3,1
38,1,660.30,178.15,68.10,48.76,1,3,1
38,2,609.90,122.51,46.40,35.62,1,3,1
38,3,350.09,241.44,81.48,81.00,1,3,1
38,4,296.36,167.16,51.15,45.19,1,3,1
39,1,658.65,175.76,67.85,49.24,1,3,1
39,2,609.45,121.79,45.90,35.87,1,3,1
39,3,350.57,243.58,81.72,82.19,1,3,1
39,4,296.12,166.69,51.15,46.37,1,3,1
40,1,656.95,173.38,67.65,49.71,1,3,1
40,2,608.95,121.08,45.40,36.10,1,3,1
40,3,351.05,245.73,81.95,83.39,1,3,1
40,4,295.88,166.21,51.15,47.57,1,3,1
41,1,655.30,170.99,67.35,50.19,1,3,1
41,2,608.50,120.36,44.90,36.34,1,3,1
41,3,351.52,247.88,82.19,84.58,1,3,1
41,4,295.64,165.73,51.15,48.77,1,3,1
42,1,653.60,168.60,67.15,50.67,1,3,1
42,2,608.00,119.64,44.45,36.58,1,3,1
42,3,352.00,250.03,82.44,85.78,1,3,1
42,4,295.40,165.26,51.15,49.95,1,3,1
43,1,651.95,166.21,66.90,51.15,1,3,1
43,2,607.50,118.93,44.00,36.82,1,3,1
43,3,352.48,252.18,82.67,86.97,1,3,1
43,4,295.17,164.78,51.15,51.15,1,3,1
44,1,651.45,164.78,65.75,50.91,1,3,1
44,2,606.55,117.97,44.25,37.06,1,3,1
44,3,351.52,254.33,86.74,90.31,1,3,1
44,4,294.93,165.01,51.39,50.44,1,3,1
45,1,651.00,163.35,64.50,50.66,1,3,1
45,2,605.60,117.02,44.45,37.30,1,3,1
45,3,350.57,256.48,90.79,93.65,1,3,1
45,4,294.69,165.26,51.63,49.71,1,3,1
46,1,650.50,161.91,63.35,50.44,1,3,1
46,2,604.65,116.06,44.70,37.54,1,3,1
46,3,349.61,258.63,94.85,97.00,1,3,1
46,4,294.45,165.50,51.87,49.00,1,3,1
47,1,650.05,160.48,62.10,50.19,1,3,1
47,2,603.70,115.11,44.95,37.77,1,3,1
47,3,348.65,260.77,98.92,100.35,1,3,1
47,4,294.21,165.73,52.11,48.28,1,3,1
48,1,649.55,159.04,60.95,49.96,1,3,1
48,2,602.75,114.15,45.20,38.01,1,3,1
48,3,347.70,262.93,102.97,103.68,1,3,1
48,4,293.97,165.97,52.35,47.57,1,3,1
49,1,649.05,157.61,59.75,49.72,1,3,1
49,2,601.80,113.19,45.40,38.26,1,3,1
49,3,346.75,265.07,107.02,107.04,1,3,1
49,4,293.73,166.21,52.59,46.85,1,3,1
50,1,647.90,156.42,59.75,48.76,1,3,1
50,2,601.80,112.72,44.45,37.54,1,3,1
50,3,346.03,266.03,105.12,106.79,1,3,1
50,4,293.26,165.50,53.29,47.80,1,3,1
51,1,646.70,155.22,59.75,47.81,1,3,1
51,2,601.80,112.24,43.50,36.82,1,3,1
51,3,345.32,266.99,103.20,106.55,1,3,1
51,4,292.77,164.78,54.02,48.76,1,3,1
52,1,645.50,154.03,59.75,46.85,1,3,1
52,2,601.80,111.76,42.55,36.11,1,3,1
52,3,344.60,267.94,101.29,106.32,1,3,1
52,4,292.30,164.06,54.73,49.72,1,3,1
53,1,644.30,152.84,59.75,45.89,1,3,1
53,2,601.80,111.29,41.60,35.38,1,3,1
53,3,343.88,268.89,99.39,106.08,1,3,1
53,4,291.82,163.35,55.45,50.66,1,3,1
54,1,643.10,151.64,59.75,44.94,1,3,1
54,2,601.80,110.81,40.65,34.67,1,3,1
54,3,343.17,269.85,97.47,105.84,1,3,1
54,4,291.35,162.63,56.16,51.63,1,3,1
55,1,641.90,150.45,59.75,43.99,1,3,1
55,2,601.80,110.33,39.70,33.96,1,3,1
55,3,342.45,270.81,95.56,105.59,1,3,1
55,4,290.87,161.91,56.88,52.59,1,3,1
56,1,641.20,148.78,58.30,43.51,1,3,1
56,2,601.30,109.38,39.95,33.95,1,3,1
56,3,341.97,274.63,95.80,105.36,1,3,1
56,4,291.35,162.63,56.40,50.91,1,3,1
57,1,640.50,147.10,56.85,43.03,1,3,1
57,2,600.85,108.42,40.15,33.96,1,3,1
57,3,341.50,278.45,96.04,105.12,1,3,1
57,4,291.82,163.35,55.93,49.23,1,3,1
58,1,639.75,145.44,55.45,42.55,1,3,1
58,2,600.35,107.47,40.40,33.95,1,3,1
58,3,341.01,282.27,96.29,104.88,1,3,1
58,4,292.30,164.06,55.45,47.57,1,3,1
59,1,639.05,143.76,54.00,42.08,1,3,1
59,2,599.90,106.51,40.60,33.96,1,3,1
59,3,340.54,286.09,96.52,104.64,1,3,1
59,4,292.77,164.78,54.98,45.89,1,3,1
60,1,638.35,142.09,52.55,41.60,1,3,1
60,2,599.40,105.55,40.90,33.96,1,3,1
60,3,340.06,289.91,96.76,104.41,1,3,1
60,4,293.26,165.50,54.49,44.22,1,3,1
61,1,637.60,140.42,51.15,41.12,1,3,1
61,2,598.95,104.60,41.10,33.95,1,3,1
61,3,339.58,293.73,97.00,104.16,1,3,1
61,4,293.73,166.21,54.02,42.55,1,3,1
62,1,637.15,138.75,50.90,40.88,1,3,1
62,2,598.45,103.64,40.65,33.96,1,3,1
62,3,338.87,296.12,97.95,105.59,1,3,1
62,4,293.73,165.50,54.02,43.50,1,3,1
63,1,636.65,137.07,50.70,40.65,1,3,1
63,2,597.95,102.69,40.20,33.95,1,3,1
63,3,338.15,298.51,98.91,107.03,1,3,1
63,4,293.73,164.78,54.02,44.46,1,3,1
64,1,636.20,135.41,50.40,40.40,1,3,1
64,2,597.50,101.73,39.70,33.96,1,3,1
64,3,337.44,300.89,99.86,108.47,1,3,1
64,4,293.73,164.06,54.02,45.42,1,3,1
65,1,635.70,133.73,50.20,40.17,1,3,1
65,2,597.00,100.78,39.20,33.95,1,3,1
65,3,336.71,303.29,100.83,109.89,1,3,1
65,4,293.73,163.35,54.02,46.37,1,3,1
66,1,635.20,132.06,50.00,39.93,1,3,1
66,2,596.55,99.82,38.70,33.96,1,3,1
66,3,336.00,305.67,101.77,111.33,1,3,1
66,4,293.73,162.63,54.02,47.33,1,3,1
67,1,634.75,130.39,49.70,39.68,1,3,1
67,2,596.05,98.86,38.25,33.95,1,3,1
67,3,335.29,308.06,102.72,112.76,1,3,1
67,4,293.73,161.91,54.02,48.28,1,3,1
68,1,633.05,129.91,50.00,39.45,1,3,1
68,2,595.35,98.86,38.50,33.48,1,3,1
68,3,334.09,311.88,104.41,115.15,1,3,1
68,4,293.73,161.91,53.78,47.09,1,3,1
69,1,631.40,129.44,50.20,39.20,1,3,1
69,2,594.65,98.86,38.70,33.01,1,3,1
69,3,332.89,315.70,106.08,117.54,1,3,1
69,4,293.73,161.91,53.54,45.90,1,3,1
70,1,629.75,128.96,50.40,38.97,1,3,1
70,2,593.90,98.86,39.00,32.52,1,3,1
70,3,331.70,319.52,107.75,119.93,1,3,1
70,4,293.73,161.91,53.30,44.70,1,3,1
71,1,628.05,128.48,50.70,38.73,1,3,1
71,2,593.20,98.86,39.20,32.05,1,3,1
71,3,330.51,323.35,109.42,122.30,1,3,1
71,4,293.73,161.91,53.06,43.51,1,3,1
72,1,626.40,128.00,50.90,38.50,1,3,1
72,2,592.50,98.86,39.45,31.57,1,3,1
72,3,329.32,327.17,111.08,124.70,1,3,1
72,4,293.73,161.91,52.82,42.31,1,3,1
73,1,624.70,127.52,51.15,38.26,1,3,1
73,2,591.75,98.86,39.70,31.09,1,3,1
73,3,328.12,330.99,112.76,127.08,1,3,1
73,4,293.73,161.91,52.59,41.12,1,3,1
74,1,623.50,126.09,50.95,38.26,1,3,1
74,2,591.50,97.44,39.00,31.32,1,3,1
74,3,325.50,335.76,115.38,129.95,1,3,1
74,4,293.50,161.67,52.57,42.55,1,3,1
75,1,622.35,124.66,50.65,38.25,1,3,1
75,2,591.30,96.00,38.25,31.57,1,3,1
75,3,322.87,340.54,118.01,132.82,1,3,1
75,4,293.26,161.44,52.57,43.98,1,3,1
76,1,621.15,123.22,50.40,38.26,1,3,1
76,2,591.05,94.56,37.55,31.82,1,3,1
76,3,320.24,345.32,120.64,135.68,1,3,1
76,4,293.01,161.19,52.59,45.42,1,3,1
77,1,619.95,121.79,50.20,38.25,1,3,1
77,2,590.80,93.14,36.85,32.05,1,3,1
77,3,317.61,350.09,123.27,138.55,1,3,1
77,4,292.77,160.96,52.59,46.85,1,3,1
78,1,618.75,120.36,49.95,38.25,1,3,1
78,2,590.55,91.70,36.10,32.29,1,3,1
78,3,314.99,354.87,125.89,141.42,1,3,1
78,4,292.54,160.72,52.58,48.28,1,3,1
79,1,617.55,118.93,49.70,38.25,1,3,1
79,2,590.35,90.27,35.35,32.52,1,3,1
79,3,312.36,359.64,128.52,144.31,1,3,1
79,4,292.30,160.48,52.58,49.71,1,3,1
80,1,617.55,118.45,49.00,37.54,1,3,1
80,2,590.10,90.98,34.90,31.34,1,3,1
80,3,310.93,365.13,128.28,144.07,1,3,1
80,4,292.06,160.24,52.58,50.43,1,3,1
81,1,617.55,117.97,48.30,36.82,1,3,1
81,2,589.85,91.70,34.45,30.13,1,3,1
81,3,309.50,370.63,128.04,143.82,1,3,1
81,4,291.82,160.00,52.58,51.15,1,3,1
82,1,617.55,117.50,47.55,36.10,1,3,1
82,2,589.60,92.42,33.95,28.94,1,3,1
82,3,308.06,376.12,127.81,143.58,1,3,1
82,4,291.58,159.76,52.59,51.87,1,3,1
83,1,617.55,117.02,46.85,35.39,1,3,1
83,2,589.35,93.14,33.50,27.75,1,3,1
83,3,306.63,381.61,127.56,143.34,1,3,1
83,4,291.35,159.52,52.58,52.58,1,3,1
84,1,617.55,116.54,46.15,34.67,1,3,1
84,2,589.15,93.85,33.00,26.56,1,3,1
84,3,305.19,387.11,127.33,143.09,1,3,1
84,4,291.11,159.29,52.58,53.29,1,3,1
85,1,617.55,116.06,45.40,33.95,1,3,1
85,2,588.90,94.56,32.50,25.36,1,3,1
85,3,303.76,392.60,127.09,148.40,1,3,1
85,4,290.87,159.04,52.58,54.02,1,3,1
86,1,617.05,115.35,44.75,33.71,1,3,1
86,2,588.65,93.85,31.80,25.60,1,3,1
86,3,300.42,398.81,130.43,142.19,1,3,1
86,4,291.58,158.33,51.63,54.49,1,3,1
87,1,616.60,114.63,44.00,33.47,1,3,1
87,2,588.40,93.14,31.10,25.84,1,3,1
87,3,297.07,405.01,133.78,135.99,1,3,1
87,4,292.30,157.61,50.67,54.97,1,3,1
88,1,616.10,113.91,43.30,33.24,1,3,1
88,2,588.20,92.42,30.35,26.08,1,3,1
88,3,293.73,411.23,137.12,129.77,1,3,1
88,4,293.01,156.90,49.72,55.45,1,3,1
89,1,615.65,113.19,42.55,33.00,1,3,1
89,2,587.95,91.70,29.65,26.32,1,3,1
89,3,290.39,417.44,140.46,123.56,1,3,1
89,4,293.73,156.18,48.77,55.92,1,3,1
90,1,615.15,112.48,41.85,32.76,1,3,1
90,2,587.70,90.98,28.95,26.55,1,3,1
90,3,287.05,423.64,143.80,117.36,1,3,1
90,4,294.45,155.47,47.81,56.40,1,3,1
91,1,614.70,111.76,41.10,32.53,1,3,1
91,2,587.45,90.27,28.25,26.79,1,3,1
91,3,283.70,429.85,147.15,111.15,1,3,1
91,4,295.17,154.75,46.84,56.88,1,3,1
91,5,475.70,61.61,26.80,25.36,1,3,1
91,6,426.99,71.64,26.78,22.50,1,3,1
92,1,614.20,111.05,40.90,32.76,1,3,1
92,2,587.20,89.55,28.75,27.03,1,3,1
92,3,283.46,437.73,146.92,103.27,1,3,1
92,4,294.21,155.47,48.52,54.97,1,3,1
92,5,475.70,62.09,26.30,25.36,1,3,1
92,6,426.99,71.88,26.31,22.73,1,3,1
93,1,613.75,110.33,40.60,33.00,1,3,1
93,2,587.00,88.83,29.15,27.27,1,3,1
93,3,283.23,445.61,146.66,95.39,1,3,1
93,4,293.26,156.18,50.19,53.06,1,3,1
93,5,475.70,62.56,25.85,25.36,1,3,1
93,6,426.99,72.12,25.83,22.97,1,3,1
94,1,613.25,109.61,40.40,33.24,1,3,1
94,2,586.75,88.12,29.65,27.51,1,3,1
94,3,282.99,453.50,146.43,87.50,1,3,1
94,4,292.30,156.90,51.87,51.14,1,3,1
94,5,475.70,63.05,25.35,25.36,1,3,1
94,6,426.99,72.36,25.36,23.20,1,3,1
95,1,612.80,108.90,40.15,33.48,1,3,1
95,2,586.50,87.41,30.15,27.75,1,3,1
95,3,282.75,461.38,146.19,79.62,1,3,1
95,4,291.35,157.61,53.53,49.24,1,3,1
95,5,475.70,63.52,24.88,25.36,1,3,1
95,6,426.99,72.59,24.88,23.45,1,3,1
96,1,612.30,108.18,39.90,33.72,1,3,1
96,2,586.25,86.69,30.65,27.98,1,3,1
96,3,282.51,469.26,145.95,71.74,1,3,1
96,4,290.39,158.33,55.21,47.33,1,3,1
96,5,475.70,64.00,24.41,25.36,1,3,1
96,6,426.99,72.83,24.40,23.68,1,3,1
97,1,611.80,107.47,39.70,33.95,1,3,1
97,2,586.05,85.97,31.05,28.22,1,3,1
97,3,282.27,477.13,145.72,63.87,1,3,1
97,4,289.44,159.04,56.88,45.43,1,3,1
97,5,475.70,64.48,23.93,25.36,1,3,1
97,6,426.99,73.08,23.92,23.93,1,3,1
98,1,611.10,106.51,39.20,34.19,1,3,1
98,2,585.55,85.50,30.60,28.46,1,3,1
98,4,289.91,159.29,56.16,45.89,1,3,1
98,5,474.99,64.72,24.88,25.12,1,3,1
98,6,426.27,73.08,24.88,24.41,1,3,1
99,1,610.40,105.55,38.70,34.44,1,3,1
99,2,585.05,85.02,30.15,28.70,1,3,1
99,4,290.39,159.52,55.44,46.38,1,3,1
99,5,474.27,64.95,25.84,24.88,1,3,1
99,6,425.55,73.08,25.84,24.88,1,3,1
100,1,609.65,104.60,38.30,34.67,1,3,1
100,2,584.60,84.53,29.65,28.95,1,3,1
100,4,290.87,159.76,54.73,46.85,1,3,1
100,5,473.55,65.19,26.80,24.64,1,3,1
100,6,424.83,73.08,26.80,25.36,1,3,1
101,1,608.95,103.64,37.80,34.91,1,3,1
101,2,584.10,84.06,29.20,29.18,1,3,1
101,4,291.35,160.00,54.01,47.33,1,3,1
101,5,472.83,65.44,27.75,24.40,1,3,1
101,6,424.12,73.08,27.75,25.84,1,3,1
102,1,608.25,102.69,37.30,35.15,1,3,1
102,2,583.65,83.58,28.70,29.42,1,3,1
102,4,291.82,160.24,53.30,47.80,1,3,1
102,5,472.12,65.67,28.70,24.16,1,3,1
102,6,423.40,73.08,28.71,26.32,1,3,1
103,1,607.50,101.73,36.85,35.39,1,3,1
103,2,583.15,83.11,28.25,29.66,1,3,1
103,4,292.30,160.48,52.58,48.28,1,3,1
103,5,471.40,65.91,29.65,23.93,1,3,1
103,6,422.69,73.08,29.66,26.79,1,3,1
104,1,607.75,101.50,35.90,34.43,1,3,1
104,2,581.95,82.62,29.20,29.43,1,3,1
104,4,292.06,160.48,52.58,48.76,1,3,1
104,5,472.12,65.91,28.70,23.93,1,3,1
104,6,422.93,73.08,28.22,26.79,1,3,1
105,1,608.00,101.26,34.90,33.47,1,3,1
105,2,580.80,82.15,30.10,29.18,1,3,1
105,4,291.82,160.48,52.58,49.24,1,3,1
105,5,472.83,65.91,27.75,23.93,1,3,1
105,6,423.17,73.08,26.78,26.79,1,3,1
106,1,608.25,101.02,33.95,32.52,1,3,1
106,2,579.60,81.67,31.05,28.94,1,3,1
106,4,291.58,160.48,52.59,49.71,1,3,1
106,5,473.55,65.91,26.80,23.93,1,3,1
106,6,423.40,73.08,25.36,26.79,1,3,1
107,1,608.50,100.78,33.00,31.57,1,3,1
107,2,578.40,81.19,32.05,28.70,1,3,1
107,4,291.35,160.48,52.58,50.19,1,3,1
107,5,474.27,65.91,25.84,23.93,1,3,1
107,6,423.64,73.08,23.93,26.79,1,3,1
108,1,608.70,100.54,32.05,30.61,1,3,1
108,2,577.20,80.72,33.00,28.46,1,3,1
108,4,291.11,160.48,52.58,50.67,1,3,1
108,5,474.99,65.91,24.88,23.93,1,3,1
108,6,423.88,73.08,22.50,26.79,1,3,1
109,1,608.95,100.30,31.10,29.66,1,3,1
109,2,583.15,81.67,26.80,23.93,1,3,1
109,4,290.87,160.48,52.58,51.15,1,3,1
109,5,475.70,65.91,23.93,23.93,1,3,1
109,6,424.12,73.08,21.06,26.79,1,3,1
110,1,608.25,99.58,31.30,30.38,1,3,1
110,2,576.00,80.95,33.70,27.27,1,3,1
110,4,290.87,160.24,52.82,51.39,1,3,1
110,5,474.99,66.62,24.16,23.45,1,3,1
110,6,423.40,73.79,22.25,26.55,1,3,1
111,1,607.50,98.86,31.60,31.09,1,3,1
111,2,576.00,81.67,33.50,26.32,1,3,1
111,4,290.87,160.00,53.06,51.63,1,3,1
111,5,474.27,67.34,24.40,22.97,1,3,1
111,6,422.69,74.50,23.44,26.32,1,3,1
112,1,606.80,98.15,31.80,31.81,1,3,1
112,2,576.00,82.39,33.25,25.36,1,3,1
112,4,290.87,159.76,53.30,51.87,1,3,1
112,5,473.55,68.06,24.64,22.49,1,3,1
112,6,421.97,75.22,24.64,26.07,1,3,1
113,1,606.10,97.44,32.05,32.52,1,3,1
113,2,576.00,83.11,33.00,24.41,1,3,1
113,4,290.87,159.52,53.53,52.11,1,3,1
113,5,472.83,68.78,24.88,22.02,1,3,1
113,6,421.26,75.94,25.83,25.84,1,3,1
114,1,605.35,96.72,32.30,33.24,1,3,1
114,2,576.00,83.82,32.75,23.45,1,3,1
114,4,290.87,159.29,53.77,52.34,1,3,1
114,5,472.12,69.50,25.12,21.54,1,3,1
114,6,420.54,76.66,27.03,25.61,1,3,1
115,1,604.65,96.00,32.55,33.96,1,3,1
115,2,576.00,84.53,32.50,22.50,1,3,1
115,4,290.87,159.04,54.01,52.59,1,3,1
115,5,471.40,70.21,25.36,21.06,1,3,1
115,6,419.82,77.38,28.23,25.36,1,3,1
116,1,603.95,95.52,33.25,32.77,1,3,1
116,2,576.25,82.86,31.80,23.45,1,3,1
116,4,290.63,159.04,54.73,52.11,1,3,1
116,5,470.93,69.73,26.07,22.02,1,3,1
116,6,420.06,77.38,27.03,25.12,1,3,1
117,1,603.20,95.05,34.00,31.57,1,3,1
117,2,576.50,81.19,31.05,24.41,1,3,1
117,4,290.39,159.04,55.44,51.63,1,3,1
117,5,470.45,69.25,26.79,22.97,1,3,1
117,6,420.30,77.38,25.83,24.89,1,3,1
118,1,602.50,94.56,34.70,30.38,1,3,1
118,2,576.70,79.52,30.40,25.36,1,3,1
118,4,290.15,159.04,56.17,51.15,1,3,1
118,5,469.97,68.78,27.51,23.93,1,3,1
118,6,420.54,77.38,24.64,24.64,1,3,1
119,1,601.80,94.09,35.40,29.18,1,3,1
119,2,576.95,77.85,29.65,26.32,1,3,1
119,4,289.91,159.04,56.88,50.68,1,3,1
119,5,469.50,68.30,28.21,24.88,1,3,1
119,6,420.77,77.38,23.46,24.41,1,3,1
120,1,601.05,93.61,36.15,27.99,1,3,1
120,2,577.20,76.18,28.95,27.27,1,3,1
120,4,289.67,159.04,57.60,50.20,1,3,1
120,5,469.01,67.82,28.94,25.84,1,3,1
120,6,421.01,77.38,22.26,24.16,1,3,1
121,1,600.35,93.14,36.85,26.80,1,3,1
121,2,577.45,74.50,28.20,28.23,1,3,1
121,4,293.73,157.61,49.72,49.72,1,3,1
121,5,472.83,68.78,22.50,22.50,1,3,1
121,6,421.26,77.38,21.06,23.93,1,3,1
122,1,601.30,91.94,34.90,27.03,1,3,1
122,2,576.95,74.03,28.25,28.23,1,3,1
122,4,289.44,159.04,57.83,49.00,1,3,1
122,5,468.54,67.34,28.94,26.31,1,3,1
122,6,419.82,76.89,22.97,24.89,1,3,1
123,1,602.25,90.75,33.00,27.27,1,3,1
123,2,576.50,73.55,28.20,28.23,1,3,1
123,4,289.44,159.04,57.35,48.29,1,3,1
123,5,468.54,67.34,28.22,25.84,1,3,1
123,6,418.39,76.42,24.88,25.84,1,3,1
124,1,603.20,89.55,31.10,27.51,1,3,1
124,2,576.00,73.08,28.20,28.23,1,3,1
124,4,289.44,159.04,56.88,47.57,1,3,1
124,5,468.54,67.34,27.51,25.36,1,3,1
124,6,416.95,75.94,26.80,26.79,1,3,1
125,1,604.20,88.36,29.15,27.75,1,3,1
125,2,575.50,72.59,28.25,28.23,1,3,1
125,4,289.44,159.04,56.39,46.86,1,3,1
125,5,468.54,67.34,26.79,24.88,1,3,1
125,6,415.52,75.47,28.71,27.75,1,3,1
126,1,605.15,87.17,27.25,27.98,1,3,1
126,2,575.05,72.12,28.20,28.23,1,3,1
126,4,289.44,159.04,55.92,46.14,1,3,1
126,5,468.54,67.34,26.07,24.40,1,3,1
126,6,414.09,74.98,30.61,28.70,1,3,1
127,1,606.10,85.97,25.35,28.22,1,3,1
127,2,574.55,71.64,28.25,28.23,1,3,1
127,4,289.44,159.04,55.44,45.43,1,3,1
127,5,468.54,67.34,25.35,23.93,1,3,1
127,6,412.65,74.50,32.53,29.66,1,3,1
128,1,605.15,85.02,25.35,28.23,1,3,1
128,2,573.85,71.17,29.20,27.98,1,3,1
128,4,289.91,158.57,54.73,45.65,1,3,1
128,5,468.30,67.11,26.08,24.40,1,3,1
128,6,413.13,75.22,31.57,28.46,1,3,1
129,1,604.20,84.06,25.35,28.23,1,3,1
129,2,573.15,70.69,30.10,27.75,1,3,1
129,4,290.39,158.09,54.01,45.90,1,3,1
129,5,468.06,66.86,26.79,24.88,1,3,1
129,6,413.61,75.94,30.62,27.27,1,3,1
130,1,603.20,83.11,25.40,28.23,1,3,1
130,2,572.40,70.21,31.10,27.50,1,3,1
130,4,290.87,157.61,53.30,46.14,1,3,1
130,5,467.82,66.62,27.51,25.36,1,3,1
130,6,414.09,76.66,29.66,26.07,1,3,1
131,1,602.25,82.15,25.40,28.23,1,3,1
131,2,571.70,69.73,32.05,27.27,1,3,1
131,4,291.35,157.13,52.58,46.38,1,3,1
131,5,467.58,66.39,28.23,25.84,1,3,1
131,6,414.57,77.38,28.70,24.89,1,3,1
132,1,601.30,81.19,25.35,28.23,1,3,1
132,2,571.00,69.25,33.00,27.03,1,3,1
132,4,291.82,156.66,51.87,46.61,1,3,1
132,5,467.35,66.15,28.94,26.32,1,3,1
132,6,415.05,78.09,27.74,23.69,1,3,1
133,1,600.35,80.24,25.35,28.23,1,3,1
133,2,570.25,68.78,33.95,26.79,1,3,1
133,4,292.30,156.18,51.15,46.85,1,3,1
133,5,467.11,65.91,29.65,26.79,1,3,1
133,6,415.52,78.81,26.80,22.50,1,3,1
134,1,599.40,79.28,26.55,28.93,1,3,1
134,2,570.25,67.82,32.55,27.27,1,3,1
134,4,291.35,156.18,53.29,47.09,1,3,1
134,5,467.11,66.15,28.70,26.32,1,3,1
134,6,414.33,78.56,27.99,23.45,1,3,1
135,1,598.45,78.33,27.75,29.66,1,3,1
135,2,570.25,66.86,31.10,27.75,1,3,1
135,4,290.39,156.18,55.44,47.33,1,3,1
135,5,467.11,66.39,27.74,25.84,1,3,1
135,6,413.13,78.33,29.19,24.40,1,3,1
136,1,597.50,77.38,28.95,30.38,1,3,1
136,2,570.25,65.91,29.70,28.23,1,3,1
136,4,289.44,156.18,57.59,47.57,1,3,1
136,5,467.11,66.62,26.78,25.36,1,3,1
136,6,411.94,78.09,30.38,25.36,1,3,1
137,1,596.55,76.42,30.10,31.09,1,3,1
137,2,570.25,64.95,28.25,28.70,1,3,1
137,4,288.48,156.18,59.75,47.81,1,3,1
137,5,467.11,66.86,25.83,24.88,1,3,1
137,6,410.75,77.85,31.57,26.32,1,3,1
138,1,595.60,75.47,31.30,31.80,1,3,1
138,2,570.25,64.00,26.80,29.18,1,3,1
138,4,287.52,156.18,61.90,48.04,1,3,1
138,5,467.11,67.11,24.88,24.40,1,3,1
138,6,409.55,77.61,32.77,27.27,1,3,1
139,1,594.65,74.50,32.50,32.52,1,3,1
139,2,573.15,67.34,25.35,21.06,1,3,1
139,4,289.44,156.18,54.01,45.42,1,3,1
139,5,467.11,67.34,23.92,23.93,1,3,1
139,6,408.36,77.38,33.96,28.23,1,3,1
140,1,595.10,74.98,32.05,31.80,1,3,1
140,2,570.25,63.28,24.90,28.94,1,3,1
140,4,287.76,156.66,61.66,47.33,1,3,1
140,5,466.63,68.30,24.16,24.40,1,3,1
140,6,408.12,78.09,33.71,28.23,1,3,1
141,1,595.60,75.47,31.55,31.09,1,3,1
141,2,570.25,63.52,24.40,28.23,1,3,1
141,4,288.95,157.13,59.28,46.38,1,3,1
141,5,466.15,69.25,24.40,24.88,1,3,1
141,6,407.88,78.81,33.48,28.23,1,3,1
142,1,596.05,75.94,31.10,30.38,1,3,1
142,2,570.25,63.76,23.95,27.51,1,3,1
142,4,290.15,157.61,56.88,45.42,1,3,1
142,5,465.67,70.21,24.65,25.36,1,3,1
142,6,407.64,79.52,33.24,28.23,1,3,1
143,1,596.55,76.42,30.60,29.66,1,3,1
143,2,570.25,64.00,23.45,26.79,1,3,1
143,4,291.35,158.09,54.48,44.46,1,3,1
143,5,465.19,71.17,24.88,25.84,1,3,1
143,6,407.40,80.24,33.00,28.23,1,3,1
144,1,597.00,76.89,30.15,28.93,1,3,1
144,2,570.25,64.24,23.00,26.07,1,3,1
144,4,292.54,158.57,52.10,43.50,1,3,1
144,5,464.71,72.12,25.12,26.32,1,3,1
144,6,407.17,80.95,32.76,28.23,1,3,1
145,1,597.50,77.38,29.65,28.23,1,3,1
145,2,570.25,64.48,22.50,25.36,1,3,1
145,4,293.73,159.04,49.72,42.56,1,3,1
145,5,464.24,73.08,25.36,26.79,1,3,1
145,6,406.93,81.67,32.52,28.23,1,3,1
146,1,597.25,76.18,29.40,28.23,1,3,1
146,2,570.25,63.76,23.00,25.36,1,3,1
146,4,292.30,158.33,51.39,43.51,1,3,1
146,5,463.76,72.12,26.56,27.27,1,3,1
146,6,407.64,81.67,31.57,27.75,1,3,1
147,1,597.00,74.98,29.20,28.23,1,3,1
147,2,570.25,63.05,23.45,25.36,1,3,1
147,4,290.87,157.61,53.06,44.46,1,3,1
147,5,463.29,71.17,27.74,27.75,1,3,1
147,6,408.36,81.67,30.61,27.27,1,3,1
148,1,596.80,73.79,28.90,28.23,1,3,1
148,2,570.25,62.33,23.95,25.36,1,3,1
148,4,289.44,156.90,54.73,45.42,1,3,1
148,5,462.81,70.21,28.94,28.23,1,3,1
148,6,409.07,81.67,29.66,26.80,1,3,1
149,1,596.55,72.59,28.70,28.23,1,3,1
149,2,570.25,61.61,24.40,25.36,1,3,1
149,4,288.00,156.18,56.40,46.37,1,3,1
149,5,462.33,69.25,30.13,28.70,1,3,1
149,6,409.79,81.67,28.71,26.32,1,3,1
150,1,596.30,71.41,28.45,28.22,1,3,1
150,2,570.25,60.90,24.90,25.36,1,3,1
150,4,286.57,155.47,58.07,47.32,1,3,1
150,5,461.85,68.30,31.33,29.18,1,3,1
150,6,410.51,81.67,27.75,25.84,1,3,1
151,1,596.05,70.21,28.25,28.23,1,3,1
151,2,570.25,60.18,25.40,25.36,1,3,1
151,4,285.13,154.75,59.75,48.28,1,3,1
151,5,461.38,67.34,32.51,29.66,1,3,1
151,6,411.23,81.67,26.78,25.36,1,3,1
152,1,595.80,69.50,28.00,27.98,1,3,1
152,2,569.80,59.47,25.35,25.59,1,3,1
152,4,285.61,154.99,59.27,48.28,1,3,1
152,5,461.61,68.06,32.04,29.18,1,3,1
152,6,410.27,81.19,27.74,26.55,1,3,1
153,1,595.60,68.78,27.75,27.75,1,3,1
153,2,569.30,58.74,25.35,25.84,1,3,1
153,4,286.09,155.22,58.79,48.29,1,3,1
153,5,461.85,68.78,31.57,28.70,1,3,1
153,6,409.32,80.72,28.69,27.75,1,3,1
154,1,595.35,68.06,27.50,27.50,1,3,1
154,2,568.85,58.03,25.35,26.07,1,3,1
154,4,286.57,155.47,58.31,48.28,1,3,1
154,5,462.09,69.50,31.09,28.22,1,3,1
154,6,408.36,80.24,29.65,28.94,1,3,1
155,1,595.10,67.34,27.25,27.27,1,3,1
155,2,568.35,57.31,25.35,26.31,1,3,1
155,4,287.05,155.70,57.83,48.29,1,3,1
155,5,462.33,70.21,30.61,27.75,1,3,1
155,6,407.40,79.76,30.61,30.14,1,3,1
156,1,594.85,66.62,27.05,27.03,1,3,1
156,2,567.90,56.59,25.35,26.55,1,3,1
156,4,287.52,155.94,57.36,48.28,1,3,1
156,5,462.57,70.92,30.13,27.27,1,3,1
156,6,406.45,79.28,31.56,31.32,1,3,1
157,1,594.65,65.91,26.75,26.79,1,3,1
157,2,567.40,63.05,28.25,19.62,1,3,1
157,4,288.00,156.18,56.88,48.29,1,3,1
157,5,462.81,71.64,29.65,26.80,1,3,1
157,6,405.50,78.81,32.51,32.52,1,3,1
158,1,595.10,65.91,26.10,26.55,1,3,1
158,2,567.40,56.36,25.35,26.55,1,3,1
158,4,287.52,155.94,57.60,48.28,1,3,1
158,5,462.81,71.88,29.18,27.51,1,3,1
158,6,405.73,79.52,31.81,32.05,1,3,1
159,1,595.60,65.91,25.35,26.32,1,3,1
159,2,567.40,56.84,25.35,26.32,1,3,1
159,4,287.05,155.70,58.31,48.29,1,3,1
159,5,462.81,72.12,28.70,28.23,1,3,1
159,6,405.97,80.24,31.09,31.57,1,3,1
160,1,596.05,65.91,24.65,26.07,1,3,1
160,2,567.40,57.31,25.35,26.07,1,3,1
160,4,286.57,155.47,59.03,48.28,1,3,1
160,5,462.81,72.36,28.22,28.94,1,3,1
160,6,406.21,80.95,30.37,31.09,1,3,1
161,1,596.55,65.91,23.90,25.84,1,3,1
161,2,567.40,57.79,25.35,25.84,1,3,1
161,4,286.09,155.22,59.74,48.29,1,3,1
161,5,462.81,72.59,27.74,29.66,1,3,1
161,6,406.45,81.67,29.66,30.62,1,3,1
162,1,597.00,65.91,23.20,25.59,1,3,1
162,2,567.40,58.27,25.35,25.59,1,3,1
162,4,285.61,154.99,60.46,48.28,1,3,1
162,5,462.81,72.83,27.26,30.38,1,3,1
162,6,406.69,82.39,28.94,30.13,1,3,1
163,1,597.50,65.91,22.50,25.36,1,3,1
163,2,567.40,58.74,25.35,25.36,1,3,1
163,4,285.13,154.75,61.19,48.28,1,3,1
163,5,462.81,73.08,26.79,31.09,1,3,1
163,6,406.93,83.11,28.22,29.66,1,3,1
164,1,597.75,65.44,22.25,24.88,1,3,1
164,2,567.65,58.03,24.65,24.88,1,3,1
164,4,286.33,154.27,59.74,48.52,1,3,1
164,5,462.57,73.55,27.03,30.38,1,3,1
164,6,406.21,82.86,28.70,30.14,1,3,1
165,1,597.95,64.95,22.05,24.41,1,3,1
165,2,567.90,57.31,23.90,24.40,1,3,1
165,4,287.52,153.79,58.31,48.76,1,3,1
165,5,462.33,74.03,27.27,29.66,1,3,1
165,6,405.50,82.62,29.17,30.61,1,3,1
166,1,598.20,64.48,21.80,23.93,1,3,1
166,2,568.10,56.59,23.25,23.93,1,3,1
166,4,288.71,153.32,56.89,49.00,1,3,1
166,5,462.09,74.50,27.51,28.95,1,3,1
166,6,404.77,82.39,29.67,31.09,1,3,1
167,1,598.45,64.00,21.55,23.45,1,3,1
167,2,568.35,55.88,22.50,23.45,1,3,1
167,4,289.91,152.84,55.45,49.23,1,3,1
167,5,461.85,74.98,27.75,28.23,1,3,1
167,6,404.06,82.15,30.13,31.57,1,3,1
168,1,598.70,63.52,21.30,22.98,1,3,1
168,2,568.60,55.16,21.75,22.97,1,3,1
168,4,291.11,152.36,54.01,49.48,1,3,1
168,5,461.61,75.47,27.99,27.50,1,3,1
168,6,403.35,81.91,30.60,32.05,1,3,1
169,1,598.95,63.05,21.05,22.49,1,3,1
169,2,568.85,54.45,21.05,22.49,1,3,1
169,4,292.30,151.88,52.58,49.72,1,3,1
169,5,461.38,75.94,28.22,26.79,1,3,1
169,6,402.63,81.67,31.08,32.52,1,3,1
170,1,597.95,62.09,22.05,22.25,1,3,1
170,2,568.10,53.26,21.80,23.21,1,3,1
170,4,291.35,151.16,53.53,49.48,1,3,1
170,5,461.13,74.98,28.47,27.52,1,3,1
170,6,402.63,81.44,30.13,32.28,1,3,1
171,1,597.00,61.13,23.00,22.02,1,3,1
171,2,567.40,52.06,22.50,23.93,1,3,1
171,4,290.39,150.45,54.49,49.24,1,3,1
171,5,460.89,74.03,28.71,28.23,1,3,1
171,6,402.63,81.19,29.18,32.05,1,3,1
172,1,596.05,60.18,23.95,21.77,1,3,1
172,2,566.70,50.87,23.20,24.64,1,3,1
172,4,289.44,149.73,55.44,49.00,1,3,1
172,5,460.65,73.08,28.95,28.95,1,3,1
172,6,402.63,80.95,28.22,31.80,1,3,1
173,1,595.10,59.23,24.90,21.54,1,3,1
173,2,565.95,49.67,23.95,25.36,1,3,1
173,4,288.48,149.01,56.40,48.77,1,3,1
173,5,460.42,72.12,29.18,29.66,1,3,1
173,6,402.63,80.72,27.26,31.57,1,3,1
174,1,594.15,58.27,25.85,21.30,1,3,1
174,2,565.25,48.48,24.65,26.07,1,3,1
174,4,287.52,148.30,57.36,48.52,1,3,1
174,5,460.18,71.17,29.42,30.38,1,3,1
174,6,402.63,80.48,26.31,31.33,1,3,1
175,1,593.20,57.31,26.80,21.06,1,3,1
175,2,564.55,47.28,25.35,26.79,1,3,1
175,4,286.57,147.58,58.31,48.29,1,3,1
175,5,459.94,70.21,29.66,31.09,1,3,1
175,6,402.63,80.24,25.36,31.09,1,3,1
176,1,593.65,57.31,26.10,21.06,1,3,1
176,2,564.30,48.00,24.65,25.36,1,3,1
176,4,286.81,148.54,57.83,48.04,1,3,1
176,5,459.94,71.88,29.42,29.90,1,3,1
176,6,401.91,80.95,26.55,31.57,1,3,1
177,1,594.15,57.31,25.35,21.06,1,3,1
177,2,564.05,48.72,23.95,23.92,1,3,1
177,4,287.05,149.50,57.35,47.80,1,3,1
177,5,459.94,73.55,29.18,28.71,1,3,1
177,6,401.19,81.67,27.75,32.05,1,3,1
178,1,594.65,57.31,24.60,21.06,1,3,1
178,2,563.80,49.43,23.25,22.49,1,3,1
178,4,287.29,150.45,56.88,47.56,1,3,1
178,5,459.94,75.22,28.94,27.50,1,3,1
178,6,400.48,82.39,28.94,32.52,1,3,1
179,1,595.10,57.31,23.95,21.06,1,3,1
179,2,563.60,50.15,22.45,21.06,1,3,1
179,4,287.52,151.41,56.41,47.32,1,3,1
179,5,459.94,76.89,28.70,26.32,1,3,1
179,6,399.76,83.11,30.13,33.01,1,3,1
180,1,595.60,57.31,23.20,21.06,1,3,1
180,2,563.35,50.87,21.75,19.63,1,3,1
180,4,287.76,152.36,55.93,47.09,1,3,1
180,5,459.94,78.56,28.46,25.12,1,3,1
180,6,399.05,83.82,31.33,33.48,1,3,1
181,1,596.05,57.31,22.50,21.06,1,3,1
181,2,563.10,51.58,21.05,18.20,1,3,1
181,4,288.00,153.32,55.45,46.84,1,3,1
181,5,459.94,80.24,28.23,23.93,1,3,1
181,6,398.33,84.53,32.52,33.97,1,3,1
182,1,595.80,56.12,22.25,22.02,1,3,1
182,2,563.35,50.87,21.30,18.43,1,3,1
182,4,288.48,151.88,55.21,47.33,1,3,1
182,5,459.23,79.52,28.94,24.65,1,3,1
182,6,398.09,84.30,32.52,33.96,1,3,1
183,1,595.60,54.92,22.00,22.97,1,3,1
183,2,563.60,50.15,21.50,18.67,1,3,1
183,4,288.95,150.45,54.98,47.81,1,3,1
183,5,458.51,78.81,29.66,25.36,1,3,1
183,6,397.85,84.06,32.53,33.96,1,3,1
184,1,595.35,53.73,21.75,23.93,1,3,1
184,2,563.80,49.43,21.80,18.91,1,3,1
184,4,289.44,149.01,54.73,48.29,1,3,1
184,5,457.79,78.09,30.38,26.08,1,3,1
184,6,397.61,83.82,32.52,33.96,1,3,1
185,1,595.10,52.53,21.55,24.89,1,3,1
185,2,564.05,48.72,22.00,19.15,1,3,1
185,4,289.91,147.58,54.49,48.77,1,3,1
185,5,457.07,77.38,31.10,26.80,1,3,1
185,6,397.38,83.58,32.51,33.96,1,3,1
186,1,594.85,51.34,21.30,25.84,1,3,1
186,2,564.30,48.00,22.25,19.39,1,3,1
186,4,290.39,146.15,54.25,49.24,1,3,1
186,5,456.36,76.66,31.81,27.52,1,3,1
186,6,397.13,83.34,32.52,33.95,1,3,1
187,1,594.65,50.15,21.05,26.79,1,3,1
187,2,564.55,47.28,22.50,19.63,1,3,1
187,4,290.87,144.72,54.01,49.72,1,3,1
187,5,455.64,75.94,32.53,28.23,1,3,1
187,6,396.89,83.11,32.53,33.95,1,3,1
188,1,594.40,50.15,21.05,25.84,1,3,1
188,2,564.30,46.81,22.25,20.10,1,3,1
188,4,290.87,144.24,53.53,50.20,1,3,1
188,5,455.88,76.42,32.29,28.22,1,3,1
188,6,396.18,84.30,33.00,32.28,1,3,1
189,1,594.15,50.15,21.05,24.88,1,3,1
189,2,564.05,46.33,22.00,20.58,1,3,1
189,4,290.87,143.76,53.06,50.68,1,3,1
189,5,456.12,76.89,32.05,28.23,1,3,1
189,6,395.46,85.50,33.48,30.61,1,3,1
190,1,593.90,50.15,21.05,23.93,1,3,1
190,2,563.80,45.85,21.80,21.06,1,3,1
190,4,290.87,143.29,52.58,51.15,1,3,1
190,5,456.36,77.38,31.81,28.23,1,3,1
190,6,394.75,86.69,33.95,28.95,1,3,1
191,1,593.65,50.15,21.10,22.97,1,3,1
191,2,563.60,45.37,21.50,21.54,1,3,1
191,4,290.87,142.81,52.10,51.63,1,3,1
191,5,456.60,77.85,31.57,28.23,1,3,1
191,6,394.03,87.88,34.43,27.27,1,3,1
192,1,593.45,50.15,21.05,22.02,1,3,1
192,2,563.35,44.90,21.30,22.02,1,3,1
192,4,290.87,142.33,51.63,52.11,1,3,1
192,5,456.83,78.33,31.34,28.22,1,3,1
192,6,393.32,89.08,34.91,25.59,1,3,1
193,1,593.20,50.15,21.05,21.06,1,3,1
193,2,563.10,44.42,21.05,22.49,1,3,1
193,4,290.87,141.85,51.14,52.59,1,3,1
193,5,457.07,78.81,31.10,28.23,1,3,1
193,6,392.60,90.27,35.39,23.92,1,3,1
194,1,592.70,50.39,21.55,20.82,1,3,1
194,2,562.85,44.42,21.55,22.02,1,3,1
194,4,291.35,142.33,50.91,52.11,1,3,1
194,5,457.07,79.05,30.38,29.43,1,3,1
194,6,392.36,90.03,34.91,25.36,1,3,1
195,1,592.25,50.62,22.00,20.59,1,3,1
195,2,562.65,44.42,22.00,21.54,1,3,1
195,4,291.82,142.81,50.68,51.63,1,3,1
195,5,457.07,79.28,29.66,30.61,1,3,1
195,6,392.12,89.79,34.43,26.79,1,3,1
196,1,591.75,50.87,22.50,20.34,1,3,1
196,2,562.40,44.42,22.50,21.06,1,3,1
196,4,292.30,143.29,50.43,51.15,1,3,1
196,5,457.07,79.52,28.94,31.81,1,3,1
196,6,391.88,89.55,33.95,28.23,1,3,1
197,1,591.30,51.10,22.95,20.11,1,3,1
197,2,562.15,44.42,22.95,20.58,1,3,1
197,4,292.77,143.76,50.20,50.68,1,3,1
197,5,457.07,79.76,28.23,33.00,1,3,1
197,6,391.64,89.31,33.48,29.66,1,3,1
198,1,590.80,51.34,23.45,19.86,1,3,1
198,2,561.90,44.42,23.45,20.10,1,3,1
198,4,293.26,144.24,49.95,50.20,1,3,1
198,5,457.07,80.00,27.51,34.19,1,3,1
198,6,391.40,89.08,33.00,31.09,1,3,1
199,1,590.35,51.58,23.90,19.63,1,3,1
199,2,563.10,45.85,21.05,16.76,1,3,1
199,4,293.73,144.72,49.72,49.72,1,3,1
199,5,457.07,80.24,26.80,35.39,1,3,1
199,6,391.17,88.83,32.52,32.52,1,3,1
200,1,590.80,51.10,23.20,19.62,1,3,1
200,2,561.90,44.90,23.20,18.91,1,3,1
200,4,293.50,144.72,49.47,49.24,1,3,1
200,5,456.36,80.95,28.22,34.91,1,3,1
200,6,390.45,88.83,33.00,32.99,1,3,1
201,1,591.30,50.62,22.50,19.63,1,3,1
201,2,562.15,45.37,22.50,18.19,1,3,1
201,4,293.26,144.72,49.24,48.76,1,3,1
201,5,455.64,81.67,29.66,34.44,1,3,1
201,6,389.73,88.83,33.48,33.48,1,3,1
202,1,591.75,50.15,21.80,19.62,1,3,1
202,2,562.40,45.85,21.75,17.48,1,3,1
202,4,293.01,144.72,49.00,48.28,1,3,1
202,5,454.93,82.39,31.08,33.96,1,3,1
202,6,389.01,88.83,33.96,33.95,1,3,1
203,1,592.25,49.67,21.05,19.63,1,3,1
203,2,562.65,46.33,21.05,16.76,1,3,1
203,4,292.77,144.72,48.77,47.80,1,3,1
203,5,454.21,83.11,32.52,33.48,1,3,1
203,6,388.30,88.83,34.43,34.44,1,3,1
204,1,592.70,49.19,20.35,19.63,1,3,1
204,2,562.85,46.81,20.35,16.04,1,3,1
204,4,292.54,144.72,48.52,47.32,1,3,1
204,5,453.50,83.82,33.95,33.00,1,3,1
204,6,387.58,88.83,34.92,34.91,1,3,1
205,1,593.20,48.72,19.60,19.63,1,3,1
205,2,563.10,47.28,19.65,15.33,1,3,1
205,4,292.30,144.72,48.28,46.85,1,3,1
205,5,452.77,84.53,35.40,32.52,1,3,1
205,6,386.87,88.83,35.39,35.38,1,3,1
206,1,592.50,47.76,19.85,19.86,1,3,1
206,2,562.85,45.61,19.65,16.28,1,3,1
206,4,291.82,144.00,49.00,48.04,1,3,1
206,5,452.54,84.53,35.15,32.28,1,3,1
206,6,386.15,88.83,35.62,35.38,1,3,1
207,1,591.75,46.81,20.10,20.10,1,3,1
207,2,562.65,43.94,19.60,17.24,1,3,1
207,4,291.35,143.29,49.71,49.23,1,3,1
207,5,452.30,84.53,34.91,32.05,1,3,1
207,6,385.44,88.83,35.86,35.38,1,3,1
208,1,591.05,45.85,20.35,20.34,1,3,1
208,2,562.40,42.27,19.60,18.20,1,3,1
208,4,290.87,142.57,50.43,50.43,1,3,1
208,5,452.06,84.53,34.67,31.82,1,3,1
208,6,384.71,88.83,36.11,35.38,1,3,1
209,1,590.35,44.90,20.55,20.59,1,3,1
209,2,562.15,40.60,19.65,19.15,1,3,1
209,4,290.39,141.85,51.15,51.63,1,3,1
209,5,451.82,84.53,34.44,31.57,1,3,1
209,6,384.00,88.83,36.35,35.38,1,3,1
210,1,589.60,43.94,20.85,20.82,1,3,1
210,2,561.90,38.93,19.65,20.10,1,3,1
210,4,289.91,141.13,51.86,52.83,1,3,1
210,5,451.58,84.53,34.19,31.32,1,3,1
210,6,383.29,88.83,36.58,35.38,1,3,1
211,1,588.90,42.98,21.05,21.06,1,3,1
211,2,561.65,37.25,19.65,21.06,1,3,1
211,4,289.44,140.42,52.57,54.02,1,3,1
211,5,451.35,84.53,33.95,31.09,1,3,1
211,6,382.57,88.83,36.82,35.38,1,3,1
212,1,589.15,42.98,20.80,21.06,1,3,1
212,2,561.65,37.49,19.65,21.30,1,3,1
212,4,289.44,140.90,52.82,53.54,1,3,1
212,5,451.11,85.50,34.43,31.80,1,3,1
212,6,382.81,89.55,35.86,35.39,1,3,1
213,1,589.35,42.98,20.60,21.06,1,3,1
213,2,561.65,37.73,19.65,21.54,1,3,1
213,4,289.44,141.38,53.06,53.06,1,3,1
213,5,450.87,86.45,34.90,32.52,1,3,1
213,6,383.05,90.27,34.90,35.39,1,3,1
214,1,589.60,42.98,20.35,21.06,1,3,1
214,2,561.65,37.97,19.65,21.77,1,3,1
214,4,289.44,141.85,53.29,52.59,1,3,1
214,5,450.63,87.41,35.38,33.23,1,3,1
214,6,383.29,90.98,33.95,35.40,1,3,1
215,1,589.85,42.98,20.10,21.06,1,3,1
215,2,561.65,38.21,19.65,22.02,1,3,1
215,4,289.44,142.33,53.53,52.11,1,3,1
215,5,450.39,88.36,35.87,33.96,1,3,1
215,6,383.52,91.70,33.00,35.39,1,3,1
216,1,590.10,42.98,19.85,21.06,1,3,1
216,2,561.65,38.45,19.65,22.25,1,3,1
216,4,289.44,142.81,53.77,51.63,1,3,1
216,5,450.15,89.31,36.35,34.67,1,3,1
216,6,383.76,92.42,32.05,35.39,1,3,1
217,1,590.35,42.98,19.60,21.06,1,3,1
217,2,561.65,38.69,19.65,22.49,1,3,1
217,4,289.44,143.29,54.01,51.15,1,3,1
217,5,449.91,90.27,36.82,35.39,1,3,1
217,6,384.00,93.14,31.09,35.38,1,3,1
218,1,589.85,42.75,19.65,21.30,1,3,1
218,4,289.44,142.81,54.01,51.15,1,3,1
218,5,449.19,90.98,37.31,35.40,1,3,1
218,6,383.29,92.89,32.04,35.62,1,3,1
219,1,589.35,42.51,19.65,21.54,1,3,1
219,4,289.44,142.33,54.01,51.15,1,3,1
219,5,448.48,91.70,37.78,35.39,1,3,1
219,6,382.57,92.66,33.00,35.87,1,3,1
220,1,588.90,42.27,19.60,21.78,1,3,1
220,4,289.44,141.85,54.01,51.15,1,3,1
220,5,447.76,92.42,38.25,35.39,1,3,1
220,6,381.85,92.42,33.96,36.10,1,3,1
221,1,588.40,42.03,19.65,22.02,1,3,1
221,4,289.44,141.38,54.01,51.14,1,3,1
221,5,447.05,93.14,38.72,35.38,1,3,1
221,6,381.13,92.18,34.92,36.34,1,3,1
222,1,587.95,41.79,19.60,22.25,1,3,1
222,4,289.44,140.90,54.01,51.14,1,3,1
222,5,446.33,93.85,39.21,35.39,1,3,1
222,6,380.42,91.94,35.87,36.58,1,3,1
223,1,587.45,41.55,19.65,22.49,1,3,1
223,4,293.73,141.85,49.72,51.15,1,3,1
223,5,445.61,94.56,39.69,35.40,1,3,1
223,6,379.70,91.70,36.82,36.82,1,3,1
224,1,587.70,41.55,19.65,22.01,1,3,1
224,4,289.67,140.66,54.02,51.15,1,3,1
224,5,445.61,95.52,39.69,34.92,1,3,1
224,6,378.75,92.89,36.58,36.34,1,3,1
225,1,587.95,41.55,19.60,21.54,1,3,1
225,4,289.91,140.90,54.02,51.14,1,3,1
225,5,445.61,96.48,39.69,34.43,1,3,1
225,6,377.79,94.09,36.34,35.87,1,3,1
226,1,588.20,41.55,19.60,21.06,1,3,1
226,4,290.15,141.13,54.02,51.16,1,3,1
226,5,445.61,97.44,39.69,33.95,1,3,1
226,6,376.83,95.28,36.11,35.38,1,3,1
227,1,588.40,41.55,19.65,20.58,1,3,1
227,4,290.39,141.38,54.01,51.14,1,3,1
227,5,445.61,98.39,39.69,33.48,1,3,1
227,6,375.88,96.48,35.87,34.91,1,3,1
228,1,588.65,41.55,19.65,20.10,1,3,1
228,4,290.63,141.61,54.01,51.15,1,3,1
228,5,445.61,99.34,39.69,33.01,1,3,1
228,6,374.93,97.67,35.62,34.43,1,3,1
229,1,588.90,41.55,19.60,19.63,1,3,1
229,4,290.87,141.85,54.01,51.15,1,3,1
229,5,445.61,100.30,39.69,32.52,1,3,1
229,6,373.97,98.86,35.39,33.95,1,3,1
230,1,588.20,41.08,19.85,19.39,1,3,1
230,4,290.87,142.09,54.01,51.15,1,3,1
230,5,444.65,100.06,40.65,33.72,1,3,1
230,6,373.26,98.86,35.86,33.95,1,3,1
231,1,587.45,40.60,20.10,19.15,1,3,1
231,4,290.87,142.33,54.01,51.15,1,3,1
231,5,443.70,99.82,41.60,34.91,1,3,1
231,6,372.54,98.86,36.34,33.95,1,3,1
232,1,586.75,40.12,20.35,18.91,1,3,1
232,4,290.87,142.57,54.01,51.15,1,3,1
232,5,442.75,99.58,42.55,36.11,1,3,1
232,6,371.82,98.86,36.82,33.95,1,3,1
233,1,586.05,39.64,20.55,18.67,1,3,1
233,4,290.87,142.81,54.01,51.15,1,3,1
233,5,441.79,99.34,43.51,37.30,1,3,1
233,6,371.11,98.86,37.29,33.95,1,3,1
234,1,585.30,39.16,20.85,18.43,1,3,1
234,4,290.87,143.04,54.01,51.15,1,3,1
234,5,440.83,99.11,44.47,38.49,1,3,1
234,6,370.39,98.86,37.78,33.95,1,3,1
235,1,584.60,38.69,21.05,18.19,1,3,1
235,4,290.87,143.29,54.01,51.15,1,3,1
235,5,439.88,98.86,45.42,39.69,1,3,1
235,6,369.67,98.86,38.26,33.95,1,3,1
236,4,290.15,142.81,54.02,50.91,1,3,1
236,5,439.64,99.34,45.18,40.41,1,3,1
236,6,368.71,99.11,38.50,33.72,1,3,1
237,4,289.44,142.33,54.01,50.67,1,3,1
237,5,439.40,99.82,44.95,41.12,1,3,1
237,6,367.76,99.34,38.74,33.48,1,3,1
238,4,288.71,141.85,54.02,50.44,1,3,1
238,5,439.17,100.30,44.70,41.83,1,3,1
238,6,366.81,99.58,38.96,33.24,1,3,1
239,4,288.00,141.38,54.01,50.19,1,3,1
239,5,438.93,100.78,44.46,42.55,1,3,1
239,6,365.85,99.82,39.21,33.00,1,3,1
240,4,287.29,140.90,54.01,49.95,1,3,1
240,5,438.69,101.26,44.22,43.26,1,3,1
240,6,364.89,100.06,39.46,32.76,1,3,1
241,4,286.57,140.42,54.01,49.71,1,3,1
241,5,438.45,101.73,43.99,43.99,1,3,1
241,6,363.94,100.30,39.69,32.52,1,3,1
242,4,286.33,140.90,54.97,49.00,1,3,1
242,5,438.45,102.93,43.74,43.98,1,3,1
242,6,362.99,100.30,39.68,33.48,1,3,1
243,4,286.09,141.38,55.92,48.28,1,3,1
243,5,438.45,104.12,43.50,43.98,1,3,1
243,6,362.03,100.30,39.68,34.43,1,3,1
244,4,285.85,141.85,56.88,47.57,1,3,1
244,5,438.45,105.32,43.26,43.98,1,3,1
244,6,361.07,100.30,39.69,35.39,1,3,1
245,4,285.61,142.33,57.84,46.85,1,3,1
245,5,438.45,106.51,43.03,43.99,1,3,1
245,6,360.12,100.30,39.69,36.34,1,3,1
246,4,285.38,142.81,58.79,46.13,1,3,1
246,5,438.45,107.70,42.79,43.99,1,3,1
246,6,359.17,100.30,39.68,37.30,1,3,1
247,4,285.13,143.29,59.75,45.41,1,3,1
247,5,438.45,108.90,42.55,43.98,1,3,1
247,6,358.21,100.30,39.68,38.25,1,3,1
248,4,285.85,143.04,58.32,46.62,1,3,1
248,5,437.97,110.57,43.03,43.03,1,3,1
248,6,356.30,100.78,41.12,38.01,1,3,1
249,4,286.57,142.81,56.88,47.80,1,3,1
249,5,437.50,112.24,43.50,42.08,1,3,1
249,6,354.39,101.26,42.55,37.77,1,3,1
250,4,287.29,142.57,55.44,49.00,1,3,1
250,5,437.01,113.91,43.99,41.12,1,3,1
250,6,352.48,101.73,43.98,37.54,1,3,1
251,4,288.00,142.33,54.01,50.19,1,3,1
251,5,436.54,115.58,44.46,40.17,1,3,1
251,6,350.57,102.21,45.42,37.30,1,3,1
252,4,288.71,142.09,52.59,51.39,1,3,1
252,5,436.06,117.26,44.94,39.21,1,3,1
252,6,348.65,102.69,46.86,37.06,1,3,1
253,4,289.44,141.85,51.14,52.59,1,3,1
253,5,435.58,118.93,45.42,38.25,1,3,1
253,6,346.75,103.17,48.28,36.82,1,3,1
254,4,289.44,141.38,51.14,52.81,1,3,1
254,5,435.35,119.17,45.41,39.68,1,3,1
254,6,344.83,102.93,49.96,36.82,1,3,1
255,4,289.44,140.90,51.14,53.06,1,3,1
255,5,435.11,119.41,45.41,41.11,1,3,1
255,6,342.93,102.69,51.62,36.82,1,3,1
256,4,289.44,140.42,51.14,53.30,1,3,1
256,5,434.87,119.64,45.42,42.55,1,3,1
256,6,341.01,102.45,53.31,36.82,1,3,1
257,4,289.44,139.94,51.14,53.54,1,3,1
257,5,434.63,119.88,45.42,43.99,1,3,1
257,6,339.11,102.21,54.96,36.82,1,3,1
258,4,289.44,139.47,51.14,53.77,1,3,1
258,5,434.39,120.12,45.42,45.42,1,3,1
258,6,337.19,101.97,56.64,36.82,1,3,1
259,4,289.44,138.99,51.14,54.01,1,3,1
259,5,434.15,120.36,45.42,46.85,1,3,1
259,6,335.29,101.73,58.31,36.82,1,3,1
260,4,289.19,139.47,51.16,53.53,1,3,1
260,5,433.19,121.32,45.90,47.80,1,3,1
260,6,333.38,102.45,59.50,36.58,1,3,1
261,4,288.95,139.94,51.16,53.06,1,3,1
261,5,432.24,122.27,46.37,48.76,1,3,1
261,6,331.46,103.17,60.71,36.34,1,3,1
262,4,288.71,140.42,51.16,52.58,1,3,1
262,5,431.29,123.22,46.84,49.72,1,3,1
262,6,329.55,103.88,61.90,36.11,1,3,1
263,4,288.48,140.90,51.15,52.10,1,3,1
263,5,430.33,124.18,47.32,50.67,1,3,1
263,6,327.64,104.60,63.09,35.87,1,3,1
264,4,288.24,141.38,51.15,51.62,1,3,1
264,5,429.38,125.14,47.80,51.62,1,3,1
264,6,325.73,105.32,64.28,35.62,1,3,1
265,4,288.00,141.85,51.15,51.15,1,3,1
265,5,428.42,126.09,48.28,52.58,1,3,1
265,6,323.82,106.03,65.48,35.39,1,3,1
266,4,287.76,141.38,51.63,50.91,1,3,1
266,5,428.18,127.76,49.00,52.34,1,3,1
266,6,321.19,105.55,65.96,35.39,1,3,1
267,4,287.52,140.90,52.11,50.67,1,3,1
267,5,427.94,129.44,49.71,52.10,1,3,1
267,6,318.57,105.08,66.43,35.39,1,3,1
268,4,287.29,140.42,52.58,50.43,1,3,1
268,5,427.70,131.10,50.43,51.87,1,3,1
268,6,315.94,104.60,66.91,35.39,1,3,1
269,4,287.05,139.94,53.06,50.19,1,3,1
269,5,427.46,132.78,51.15,51.63,1,3,1
269,6,313.32,104.12,67.38,35.39,1,3,1
270,4,286.81,139.47,53.54,49.95,1,3,1
270,5,427.23,134.45,51.86,51.39,1,3,1
270,6,310.69,103.64,67.86,35.39,1,3,1
271,4,286.57,138.99,54.01,49.71,1,3,1
271,5,426.99,136.12,52.58,51.15,1,3,1
271,6,308.06,103.17,68.34,35.38,1,3,1
272,4,287.05,140.18,53.53,48.52,1,3,1
272,5,426.03,137.79,53.30,50.91,1,3,1
272,6,306.63,103.88,68.10,36.11,1,3,1
273,4,287.52,141.38,53.06,47.32,1,3,1
273,5,425.07,139.47,54.02,50.66,1,3,1
273,6,305.19,104.60,67.87,36.82,1,3,1
274,4,288.00,142.57,52.58,46.13,1,3,1
274,5,424.12,141.13,54.73,50.44,1,3,1
274,6,303.76,105.32,67.63,37.53,1,3,1
275,4,288.48,143.76,52.10,44.94,1,3,1
275,5,423.17,142.81,55.44,50.19,1,3,1
275,6,302.33,106.03,67.38,38.26,1,3,1
276,4,288.95,144.96,51.63,43.74,1,3,1
276,5,422.21,144.48,56.17,49.96,1,3,1
276,6,300.89,106.75,67.16,38.97,1,3,1
277,4,289.44,146.15,51.14,42.55,1,3,1
277,5,421.26,146.15,56.87,49.72,1,3,1
277,6,299.46,107.47,66.92,39.68,1,3,1
278,4,289.44,145.44,51.38,43.50,1,3,1
278,5,421.01,148.30,56.88,49.96,1,3,1
278,6,295.88,108.42,69.06,38.97,1,3,1
279,4,289.44,144.72,51.62,44.46,1,3,1
279,5,420.77,150.45,56.88,50.19,1,3,1
279,6,292.30,109.38,71.21,38.25,1,3,1
280,4,289.44,144.00,51.86,45.42,1,3,1
280,5,420.54,152.60,56.88,50.43,1,3,1
280,6,288.71,110.33,73.36,37.54,1,3,1
281,4,289.44,143.29,52.10,46.37,1,3,1
281,5,420.30,154.75,56.88,50.67,1,3,1
281,6,285.13,111.29,75.51,36.81,1,3,1
282,4,289.44,142.57,52.33,47.33,1,3,1
282,5,420.06,156.90,56.88,50.91,1,3,1
282,6,281.55,112.24,77.66,36.11,1,3,1
283,4,289.44,141.85,52.57,48.28,1,3,1
283,5,419.82,159.04,56.88,51.15,1,3,1
283,6,277.97,113.19,79.80,35.39,1,3,1
284,4,289.91,141.13,52.10,49.00,1,3,1
284,5,417.91,159.29,57.60,53.77,1,3,1
285,4,290.39,140.42,51.62,49.71,1,3,1
285,5,416.00,159.52,58.32,56.41,1,3,1
286,4,290.87,139.70,51.14,50.43,1,3,1
286,5,414.09,159.76,59.03,59.03,1,3,1
287,4,291.35,138.99,50.66,51.14,1,3,1
287,5,412.18,160.00,59.75,61.66,1,3,1
288,4,291.82,138.27,50.19,51.86,1,3,1
288,5,410.27,160.24,60.46,64.28,1,3,1
289,4,292.30,137.55,49.71,52.58,1,3,1
289,5,408.36,160.48,61.18,66.91,1,3,1
290,4,292.06,138.27,49.48,52.58,1,3,1
290,5,407.17,163.35,62.37,67.38,1,3,1
291,4,291.82,138.99,49.24,52.58,1,3,1
291,5,405.97,166.21,63.57,67.86,1,3,1
292,4,291.58,139.70,49.00,52.59,1,3,1
292,5,404.77,169.07,64.77,68.35,1,3,1
293,4,291.35,140.42,48.76,52.58,1,3,1
293,5,403.58,171.94,65.96,68.82,1,3,1
294,4,291.11,141.13,48.52,52.59,1,3,1
294,5,402.39,174.81,67.15,69.29,1,3,1
295,4,290.87,141.85,48.28,52.59,1,3,1
295,5,401.19,177.67,68.35,69.78,1,3,1
296,4,291.11,141.13,48.28,52.11,1,3,1
296,5,399.05,179.82,68.58,69.78,1,3,1
297,4,291.35,140.42,48.28,51.62,1,3,1
297,5,396.89,181.97,68.82,69.78,1,3,1
298,4,291.58,139.70,48.29,51.15,1,3,1
298,5,394.75,184.12,69.06,69.78,1,3,1
299,4,291.82,138.99,48.29,50.67,1,3,1
299,5,392.60,186.27,69.29,69.77,1,3,1
300,4,292.06,138.27,48.29,50.20,1,3,1
300,5,390.45,188.42,69.54,69.77,1,3,1
301,4,292.30,137.55,48.28,49.72,1,3,1
301,5,388.30,190.57,69.77,69.78,1,3,1
302,4,292.06,138.03,48.29,50.19,1,3,1
302,5,387.35,193.44,70.48,71.92,1,3,1
303,4,291.82,138.51,48.29,50.67,1,3,1
303,5,386.39,196.30,71.21,74.08,1,3,1
304,4,291.58,138.99,48.29,51.14,1,3,1
304,5,385.44,199.16,71.92,76.23,1,3,1
305,4,291.35,139.47,48.28,51.62,1,3,1
305,5,384.48,202.03,72.64,78.37,1,3,1
306,4,291.11,139.94,48.28,52.10,1,3,1
306,5,383.52,204.90,73.36,80.52,1,3,1
307,4,290.87,140.42,48.28,52.58,1,3,1
307,5,382.57,207.76,74.07,82.68,1,3,1
308,4,290.63,140.66,49.00,52.58,1,3,1
308,5,379.46,211.82,76.23,83.15,1,3,1
309,4,290.39,140.90,49.72,52.58,1,3,1
309,5,376.36,215.88,78.37,83.63,1,3,1
310,4,290.15,141.13,50.43,52.59,1,3,1
310,5,373.26,219.94,80.51,84.11,1,3,1
311,4,289.91,141.38,51.15,52.58,1,3,1
311,5,370.15,224.00,82.67,84.58,1,3,1
312,4,289.67,141.61,51.87,52.58,1,3,1
312,5,367.05,228.06,84.82,85.06,1,3,1
313,4,289.44,141.85,52.57,52.59,1,3,1
313,5,363.94,232.12,86.97,85.53,1,3,1
314,4,288.95,141.61,52.59,51.87,1,3,1
314,5,360.83,236.66,88.65,87.21,1,3,1
315,4,288.48,141.38,52.58,51.14,1,3,1
315,5,357.73,241.19,90.32,88.88,1,3,1
316,4,288.00,141.13,52.58,50.44,1,3,1
316,5,354.63,245.73,91.98,90.56,1,3,1
317,4,287.52,140.90,52.59,49.71,1,3,1
317,5,351.52,250.27,93.66,92.23,1,3,1
318,4,287.05,140.66,52.58,49.00,1,3,1
318,5,348.42,254.81,95.33,93.89,1,3,1
319,4,286.57,140.42,52.58,48.28,1,3,1
319,5,345.32,259.35,97.00,95.56,1,3,1
319,7,826.75,375.40,134.25,127.10,1,3,1
320,4,286.57,140.42,52.82,49.00,1,3,1
320,5,341.97,264.60,98.20,98.43,1,3,1
320,7,819.10,365.61,141.90,124.94,1,3,1
321,4,286.57,140.42,53.06,49.71,1,3,1
321,5,338.63,269.85,99.38,101.30,1,3,1
321,7,811.45,355.82,149.55,122.79,1,3,1
322,4,286.57,140.42,53.30,50.43,1,3,1
322,5,335.29,275.11,100.58,104.16,1,3,1
322,7,803.80,346.03,157.20,120.64,1,3,1
323,4,286.57,140.42,53.54,51.15,1,3,1
323,5,331.94,280.36,101.77,107.03,1,3,1
323,7,796.20,336.24,151.90,118.49,1,3,1
324,4,286.57,140.42,53.78,51.87,1,3,1
324,5,328.60,285.61,102.97,109.90,1,3,1
324,7,788.55,326.45,158.10,116.34,1,3,1
325,4,286.57,140.42,54.01,52.58,1,3,1
325,5,325.26,290.87,104.16,112.76,1,3,1
325,7,780.90,316.65,164.35,114.20,1,3,1
326,4,286.33,140.42,54.25,52.34,1,3,1
326,5,320.95,296.60,106.80,116.58,1,3,1
326,7,775.90,309.01,159.05,112.29,1,3,1
327,4,286.09,140.42,54.49,52.10,1,3,1
327,5,316.65,302.33,109.42,120.40,1,3,1
327,7,770.85,301.38,153.85,110.37,1,3,1
328,4,285.85,140.42,54.73,51.87,1,3,1
328,5,312.36,308.06,112.04,124.23,1,3,1
328,7,765.85,293.73,148.60,108.46,1,3,1
329,4,285.61,140.42,54.97,51.62,1,3,1
329,5,308.06,313.79,114.67,128.04,1,3,1
329,7,760.85,286.09,143.30,106.55,1,3,1
330,4,285.38,140.42,55.20,51.39,1,3,1
330,5,303.76,319.52,117.30,131.87,1,3,1
330,7,755.80,278.45,138.10,104.64,1,3,1
331,4,285.13,140.42,55.45,51.15,1,3,1
331,5,299.46,325.26,119.93,135.68,1,3,1
331,7,750.80,270.81,132.85,102.73,1,3,1
332,4,284.65,140.66,55.46,51.38,1,3,1
332,5,293.97,333.85,122.55,139.03,1,3,1
332,7,746.25,264.60,129.95,101.53,1,3,1
333,4,284.18,140.90,55.45,51.62,1,3,1
333,5,288.48,342.45,125.17,142.37,1,3,1
333,7,741.75,258.39,127.05,100.34,1,3,1
334,4,283.70,141.13,55.45,51.87,1,3,1
334,5,282.99,351.05,127.80,145.71,1,3,1
334,7,737.20,252.18,124.20,99.15,1,3,1
335,4,283.23,141.38,55.44,52.10,1,3,1
335,5,277.50,359.64,130.43,149.06,1,3,1
335,7,732.65,245.97,121.35,97.96,1,3,1
336,4,282.75,141.61,55.44,52.35,1,3,1
336,5,272.00,368.24,133.06,152.41,1,3,1
336,7,728.10,239.76,118.50,96.76,1,3,1
337,4,282.27,141.85,55.44,52.59,1,3,1
337,5,266.51,376.83,135.68,155.77,1,3,1
337,7,723.60,233.55,115.60,95.57,1,3,1
338,4,282.99,141.85,54.25,52.59,1,3,1
338,5,258.15,387.35,140.23,145.95,1,3,1
338,7,719.75,228.78,113.25,92.46,1,3,1
339,4,283.70,141.85,53.06,52.59,1,3,1
339,5,249.79,397.85,144.76,136.15,1,3,1
339,7,715.95,224.00,110.85,89.36,1,3,1
340,4,284.42,141.85,51.87,52.59,1,3,1
340,5,241.44,408.36,149.29,126.39,1,3,1
340,7,712.10,219.22,108.50,86.26,1,3,1
341,4,285.13,141.85,50.68,52.59,1,3,1
341,5,233.07,418.87,153.84,122.13,1,3,1
341,7,708.30,214.45,106.05,83.15,1,3,1
342,4,285.85,141.85,49.48,52.59,1,3,1
342,5,224.72,429.38,158.37,111.62,1,3,1
342,7,704.50,209.67,103.65,80.04,1,3,1
343,4,286.57,141.85,48.28,52.59,1,3,1
343,5,216.36,439.88,162.91,101.12,1,3,1
343,7,700.65,204.90,101.30,76.93,1,3,1
344,4,286.33,142.81,48.76,51.86,1,3,1
344,7,697.55,202.51,100.10,74.31,1,3,1
345,4,286.09,143.76,49.24,51.15,1,3,1
345,7,694.45,200.12,98.90,71.69,1,3,1
346,4,285.85,144.72,49.72,50.43,1,3,1
346,7,691.35,197.73,97.70,69.06,1,3,1
347,4,285.61,145.67,50.20,49.72,1,3,1
347,7,688.25,195.35,96.50,66.42,1,3,1
348,4,285.38,146.63,50.67,49.00,1,3,1
348,7,685.15,192.96,95.30,63.80,1,3,1
349,4,285.13,147.58,51.16,48.29,1,3,1
349,7,682.05,190.57,94.10,61.18,1,3,1
349,8,871.15,425.55,89.85,98.45,1,3,1
350,4,284.42,147.35,51.63,48.75,1,3,1
350,7,680.10,186.75,92.00,60.70,1,3,1
350,8,862.10,412.89,98.90,101.76,1,3,1
351,4,283.70,147.10,52.11,49.25,1,3,1
351,7,678.20,182.93,89.85,60.22,1,3,1
351,8,853.00,400.24,108.00,105.11,1,3,1
352,4,282.99,146.87,52.58,49.71,1,3,1
352,7,676.30,179.10,87.70,59.75,1,3,1
352,8,843.95,387.58,117.05,108.47,1,3,1
353,4,282.27,146.63,53.06,50.19,1,3,1
353,7,674.40,175.29,85.55,59.26,1,3,1
353,8,834.85,374.93,126.15,111.80,1,3,1
354,4,281.55,146.39,53.54,50.67,1,3,1
354,7,672.50,171.47,83.35,58.79,1,3,1
354,8,825.80,362.27,135.20,115.15,1,3,1
355,4,280.83,146.15,54.02,51.15,1,3,1
355,7,670.55,167.64,81.25,58.32,1,3,1
355,8,816.70,349.61,144.30,118.50,1,3,1
356,4,281.07,147.10,54.26,51.16,1,3,1
356,7,668.65,165.73,79.80,57.60,1,3,1
356,8,810.50,340.54,150.50,116.34,1,3,1
357,4,281.32,148.06,54.49,51.15,1,3,1
357,7,666.75,163.82,78.35,56.88,1,3,1
357,8,804.30,331.46,140.95,114.19,1,3,1
358,4,281.55,149.01,54.74,51.15,1,3,1
358,7,664.85,161.91,76.95,56.16,1,3,1
358,8,798.10,322.39,142.85,112.05,1,3,1
359,4,281.79,149.97,54.97,51.15,1,3,1
359,7,662.95,160.00,75.50,55.45,1,3,1
359,8,791.90,313.32,144.75,109.89,1,3,1
360,4,282.03,150.93,55.21,51.14,1,3,1
360,7,661.00,158.09,74.10,54.73,1,3,1
360,8,785.65,304.24,146.70,107.75,1,3,1
361,4,282.27,151.88,55.44,51.15,1,3,1
361,7,659.10,156.18,72.65,54.01,1,3,1
361,8,779.45,295.17,148.60,105.59,1,3,1
362,4,281.79,151.64,55.92,51.15,1,3,1
362,7,657.45,154.27,71.65,52.82,1,3,1
362,8,773.75,289.19,144.75,102.02,1,3,1
363,4,281.32,151.41,56.39,51.14,1,3,1
363,7,655.75,152.36,70.75,51.63,1,3,1
363,8,768.00,283.23,140.95,98.42,1,3,1
364,4,280.83,151.16,56.88,51.16,1,3,1
364,7,654.10,150.45,69.75,50.43,1,3,1
364,8,762.25,277.26,137.15,94.85,1,3,1
365,4,280.36,150.93,57.35,51.14,1,3,1
365,7,652.40,148.54,68.85,49.24,1,3,1
365,8,756.55,271.29,133.30,91.26,1,3,1
366,4,279.88,150.69,57.83,51.15,1,3,1
366,7,650.75,146.63,67.85,48.04,1,3,1
366,8,750.80,265.32,129.50,87.68,1,3,1
367,4,279.40,150.45,58.31,51.15,1,3,1
367,7,649.05,144.72,66.95,46.85,1,3,1
367,8,745.05,259.35,125.70,84.10,1,3,1
368,4,279.17,151.16,58.31,52.11,1,3,1
368,7,647.65,142.81,66.20,46.85,1,3,1
368,8,741.95,253.61,122.35,84.34,1,3,1
369,4,278.93,151.88,58.31,53.06,1,3,1
369,7,646.20,140.90,65.50,46.85,1,3,1
369,8,738.85,247.88,119.00,84.58,1,3,1
370,4,278.69,152.60,58.31,54.01,1,3,1
370,7,644.80,138.99,64.75,46.85,1,3,1
370,8,735.75,242.15,115.65,84.82,1,3,1
371,4,278.45,153.32,58.31,54.97,1,3,1
371,7,643.35,137.07,64.05,46.86,1,3,1
371,8,732.65,236.42,112.30,85.06,1,3,1
372,4,278.21,154.03,58.31,55.93,1,3,1
372,7,641.90,135.16,63.35,46.85,1,3,1
372,8,729.55,230.69,108.95,85.30,1,3,1
373,4,277.97,154.75,58.32,56.88,1,3,1
373,7,640.50,133.26,62.60,46.84,1,3,1
373,8,726.45,224.96,105.60,85.54,1,3,1
374,4,277.97,155.22,57.60,56.65,1,3,1
374,7,638.80,131.10,62.40,46.86,1,3,1
374,8,723.35,221.61,103.70,82.20,1,3,1
375,4,277.97,155.70,56.88,56.40,1,3,1
375,7,637.15,128.96,62.10,46.85,1,3,1
375,8,720.25,218.27,101.75,78.85,1,3,1
376,4,277.97,156.18,56.16,56.17,1,3,1
376,7,635.45,126.81,61.90,46.85,1,3,1
376,8,717.15,214.93,99.85,75.51,1,3,1
377,4,277.97,156.66,55.45,55.92,1,3,1
377,7,633.80,124.66,61.65,46.85,1,3,1
377,8,714.05,211.58,97.95,72.17,1,3,1
378,4,277.97,157.13,54.73,55.69,1,3,1
378,7,632.10,122.51,61.45,46.85,1,3,1
378,8,710.95,208.24,96.00,68.82,1,3,1
379,4,277.97,157.61,54.02,55.45,1,3,1
379,7,630.45,120.36,61.20,46.85,1,3,1
379,8,707.80,204.90,94.15,65.48,1,3,1
380,4,277.50,158.09,55.20,56.64,1,3,1
380,7,629.95,118.69,60.25,46.13,1,3,1
380,8,705.20,201.07,92.00,64.53,1,3,1
381,4,277.01,158.57,56.41,57.84,1,3,1
381,7,629.50,117.02,59.25,45.42,1,3,1
381,8,702.55,197.26,89.85,63.56,1,3,1
382,4,276.54,159.04,57.59,59.03,1,3,1
382,7,629.00,115.35,58.35,44.69,1,3,1
382,8,699.95,193.44,87.70,62.60,1,3,1
383,4,276.06,159.52,58.79,60.23,1,3,1
383,7,628.55,113.67,57.35,43.99,1,3,1
383,8,697.30,189.61,85.55,61.66,1,3,1
384,4,275.58,160.00,59.99,61.42,1,3,1
384,7,628.05,112.00,56.40,43.27,1,3,1
384,8,694.70,185.79,83.35,60.71,1,3,1
385,4,275.11,160.48,61.18,62.61,1,3,1
385,7,627.60,110.33,55.45,42.55,1,3,1
385,8,692.05,181.97,81.25,59.75,1,3,1
386,4,275.11,160.24,60.46,62.14,1,3,1
386,7,626.85,109.61,54.50,42.32,1,3,1
386,8,689.90,178.39,80.55,59.99,1,3,1
387,4,275.11,160.00,59.74,61.66,1,3,1
387,7,626.15,108.90,53.55,42.07,1,3,1
387,8,687.75,174.81,79.80,60.22,1,3,1
388,4,275.11,159.76,59.02,61.18,1,3,1
388,7,625.45,108.18,52.55,41.83,1,3,1
388,8,685.60,171.22,79.10,60.47,1,3,1
389,4,275.11,159.52,58.31,60.70,1,3,1
389,7,624.70,107.47,51.65,41.59,1,3,1
389,8,683.45,167.64,78.40,60.71,1,3,1
390,4,275.11,159.29,57.59,60.22,1,3,1
390,7,624.00,106.75,50.65,41.35,1,3,1
390,8,681.30,164.06,77.65,60.94,1,3,1
391,4,275.11,159.04,56.88,59.75,1,3,1
391,7,623.30,106.03,49.70,41.12,1,3,1
391,8,679.15,160.48,76.95,61.18,1,3,1
392,4,274.63,159.76,57.36,60.23,1,3,1
392,7,622.55,104.60,49.25,40.64,1,3,1
392,8,677.25,158.09,75.75,59.51,1,3,1
393,4,274.15,160.48,57.84,60.70,1,3,1
393,7,621.85,103.17,48.75,40.16,1,3,1
393,8,675.35,155.70,74.55,57.84,1,3,1
394,4,273.67,161.19,58.32,61.19,1,3,1
394,7,621.15,101.73,48.25,39.69,1,3,1
394,8,673.45,153.32,73.35,56.16,1,3,1
395,4,273.19,161.91,58.80,61.66,1,3,1
395,7,620.40,100.30,47.80,39.21,1,3,1
395,8,671.50,150.93,72.20,54.49,1,3,1
396,4,272.71,162.63,59.28,62.13,1,3,1
396,7,619.70,98.86,47.35,38.73,1,3,1
396,8,669.60,148.54,71.00,52.82,1,3,1
397,4,272.24,163.35,59.75,62.61,1,3,1
397,7,619.00,97.44,46.85,38.26,1,3,1
397,8,667.70,146.15,69.80,51.15,1,3,1
398,4,272.24,164.30,59.51,62.37,1,3,1
398,7,617.80,96.00,46.85,38.01,1,3,1
398,8,666.25,145.19,68.85,49.48,1,3,1
399,4,272.24,165.26,59.27,62.13,1,3,1
399,7,616.60,94.56,46.85,37.78,1,3,1
399,8,664.85,144.24,67.85,47.80,1,3,1
400,4,272.24,166.21,59.03,61.89,1,3,1
400,7,615.40,93.14,46.85,37.53,1,3,1
400,8,663.40,143.29,66.90,46.13,1,3,1
401,4,272.24,167.16,58.79,61.66,1,3,1
401,7,614.20,91.70,46.85,37.30,1,3,1
401,8,661.95,142.33,66.00,44.46,1,3,1
402,4,272.24,168.12,58.55,61.42,1,3,1
402,7,613.00,90.27,46.85,37.06,1,3,1
402,8,660.55,141.38,65.00,42.78,1,3,1
403,4,272.24,169.07,58.31,61.19,1,3,1
403,7,611.80,88.83,46.85,36.83,1,3,1
403,8,659.10,140.42,64.05,41.12,1,3,1
404,4,272.24,169.55,58.31,61.66,1,3,1
404,7,611.60,88.36,45.65,36.34,1,3,1
404,8,657.90,138.51,63.10,41.36,1,3,1
405,4,272.24,170.03,58.31,62.13,1,3,1
405,7,611.35,87.88,44.45,35.87,1,3,1
405,8,656.70,136.60,62.15,41.59,1,3,1
406,4,272.24,170.51,58.31,62.61,1,3,1
406,7,611.10,87.41,43.25,35.38,1,3,1
406,8,655.50,134.69,61.20,41.83,1,3,1
407,4,272.24,170.99,58.31,63.08,1,3,1
407,7,610.85,86.92,42.10,34.91,1,3,1
407,8,654.35,132.78,60.20,42.07,1,3,1
408,4,272.24,171.47,58.31,63.56,1,3,1
408,7,610.65,86.45,40.85,34.43,1,3,1
408,8,653.15,130.87,59.25,42.31,1,3,1
409,4,272.24,171.94,58.31,64.05,1,3,1
409,7,610.40,85.97,39.65,33.96,1,3,1
409,8,651.95,128.96,58.30,42.55,1,3,1
410,4,271.52,173.13,59.03,63.57,1,3,1
410,7,609.65,85.02,40.40,34.20,1,3,1
410,8,650.75,127.05,57.60,42.79,1,3,1
411,4,270.81,174.33,59.74,63.09,1,3,1
411,7,608.95,84.06,41.10,34.44,1,3,1
411,8,649.55,125.14,56.90,43.02,1,3,1
412,4,270.09,175.52,60.46,62.61,1,3,1
412,7,608.25,83.11,41.80,34.67,1,3,1
412,8,648.35,123.22,56.15,43.28,1,3,1
413,4,269.38,176.72,61.17,62.13,1,3,1
413,7,607.50,82.15,42.55,34.91,1,3,1
413,8,647.15,121.32,55.45,43.50,1,3,1
414,4,268.65,177.91,61.90,61.66,1,3,1
414,7,606.80,81.19,43.25,35.16,1,3,1
414,8,645.95,119.41,54.75,43.74,1,3,1
415,4,267.94,179.10,62.61,61.19,1,3,1
415,7,606.10,80.24,43.95,35.39,1,3,1
415,8,644.80,117.50,54.00,43.98,1,3,1
416,4,267.23,180.30,62.60,61.18,1,3,1
416,7,605.60,79.76,43.30,35.15,1,3,1
416,8,643.10,115.82,53.80,43.99,1,3,1
417,4,266.51,181.50,62.61,61.17,1,3,1
417,7,605.15,79.28,42.55,34.91,1,3,1
417,8,641.45,114.15,53.50,43.98,1,3,1
418,4,265.79,182.69,62.61,61.18,1,3,1
418,7,604.65,78.81,41.85,34.67,1,3,1
418,8,639.75,112.48,53.30,43.99,1,3,1
419,4,265.07,183.88,62.62,61.18,1,3,1
419,7,604.20,78.33,41.10,34.43,1,3,1
419,8,638.10,110.81,53.05,43.98,1,3,1
420,4,264.36,185.07,62.61,61.19,1,3,1
420,7,603.70,77.85,40.40,34.20,1,3,1
420,8,636.40,109.14,52.85,43.98,1,3,1
421,4,263.64,186.27,62.62,61.18,1,3,1
421,7,603.20,77.38,39.70,33.95,1,3,1
421,8,634.75,107.47,52.60,43.98,1,3,1
421,9,848.25,399.76,112.75,132.84,1,3,1
422,4,263.64,186.51,62.13,63.33,1,3,1
422,7,603.00,76.66,39.45,33.73,1,3,1
422,8,633.80,106.03,52.10,43.03,1,3,1
422,9,840.10,388.06,120.90,132.34,1,3,1
423,4,263.64,186.75,61.66,65.47,1,3,1
423,7,602.75,75.94,39.20,33.48,1,3,1
423,8,632.85,104.60,51.60,42.07,1,3,1
423,9,832.00,376.36,129.00,131.84,1,3,1
424,4,263.64,186.99,61.18,67.62,1,3,1
424,7,602.50,75.22,39.00,33.24,1,3,1
424,8,631.90,103.17,51.15,41.12,1,3,1
424,9,823.90,364.65,137.10,131.40,1,3,1
425,4,263.64,187.22,60.71,69.78,1,3,1
425,7,602.25,74.50,38.75,33.01,1,3,1
425,8,630.95,101.73,50.65,40.17,1,3,1
425,9,815.75,352.95,145.25,130.92,1,3,1
426,4,263.64,187.47,60.23,71.92,1,3,1
426,7,602.05,73.79,38.45,32.76,1,3,1
426,8,629.95,100.30,50.20,39.21,1,3,1
426,9,807.65,341.26,153.35,130.43,1,3,1
427,4,263.64,187.70,59.75,74.07,1,3,1
427,7,601.80,73.08,38.25,32.52,1,3,1
427,8,629.00,98.86,49.75,38.26,1,3,1
427,9,799.50,329.55,161.50,129.96,1,3,1
428,4,262.69,188.66,61.42,74.07,1,3,1
428,7,601.05,72.59,37.80,32.28,1,3,1
428,8,628.05,97.91,49.50,38.73,1,3,1
428,9,792.85,321.67,154.30,127.09,1,3,1
429,4,261.73,189.61,63.09,74.08,1,3,1
429,7,600.35,72.12,37.30,32.05,1,3,1
429,8,627.10,96.95,49.25,39.20,1,3,1
429,9,786.15,313.79,152.90,124.22,1,3,1
430,4,260.77,190.57,64.77,74.07,1,3,1
430,7,599.65,71.64,36.80,31.81,1,3,1
430,8,626.15,96.00,49.00,39.69,1,3,1
430,9,779.45,305.91,151.45,121.36,1,3,1
431,4,259.82,191.52,66.44,74.08,1,3,1
431,7,598.95,71.17,36.30,31.57,1,3,1
431,8,625.20,95.05,48.75,40.16,1,3,1
431,9,772.80,298.03,150.00,118.49,1,3,1
432,4,258.87,192.48,68.10,74.07,1,3,1
432,7,598.20,70.69,35.85,31.34,1,3,1
432,8,624.25,94.09,48.50,40.64,1,3,1
432,9,766.10,290.15,148.55,115.62,1,3,1
433,4,257.91,193.44,69.78,74.07,1,3,1
433,7,597.50,70.21,35.40,31.09,1,3,1
433,8,623.30,93.14,48.25,41.12,1,3,1
433,9,759.40,282.27,147.15,112.76,1,3,1
434,4,256.48,194.51,70.13,74.43,1,3,1
434,7,597.15,69.14,35.35,30.73,1,3,1
434,8,623.30,92.42,46.85,40.05,1,3,1
434,9,753.65,275.46,143.60,110.25,1,3,1
435,4,255.04,195.58,70.50,74.80,1,3,1
435,7,596.80,68.06,35.35,30.38,1,3,1
435,8,623.30,91.70,45.40,38.97,1,3,1
435,9,747.95,268.65,140.00,107.75,1,3,1
436,4,253.61,196.66,70.85,75.15,1,3,1
436,7,596.40,66.98,35.40,30.02,1,3,1
436,8,623.30,90.98,43.95,37.90,1,3,1
436,9,742.20,261.85,136.40,105.24,1,3,1
437,4,252.18,197.73,71.21,75.51,1,3,1
437,7,596.05,65.91,35.40,29.66,1,3,1
437,8,623.30,90.27,42.55,36.82,1,3,1
437,9,736.50,255.04,132.80,102.73,1,3,1
