1,1,152.53,395.73,296.47,131.14,1,3,1
1,2,746.67,215.47,177.00,95.93,1,3,1
1,3,346.67,132.27,274.06,185.53,1,5,1
1,4,324.27,113.07,40.46,25.53,1,3,1
2,1,155.52,392.96,298.17,133.91,1,3,1
2,2,760.11,222.08,169.32,95.72,1,3,1
2,3,349.87,132.91,277.90,188.52,1,5,1
2,4,327.04,113.71,41.11,26.38,1,3,1
3,1,158.51,390.19,299.88,136.68,1,3,1
3,2,773.55,228.69,161.64,95.51,1,3,1
3,3,353.07,133.55,281.74,191.50,1,5,1
3,4,329.81,114.35,41.75,27.24,1,3,1
4,1,161.49,387.41,301.59,139.46,1,3,1
4,2,786.99,235.31,153.96,95.29,1,3,1
4,3,356.27,134.19,285.58,194.49,1,5,1
4,4,332.59,114.99,42.38,28.09,1,3,1
5,1,164.48,384.64,303.29,142.23,1,3,1
5,2,800.43,241.92,146.28,95.08,1,3,1
5,3,359.47,134.83,289.42,197.48,1,5,1
5,4,335.36,115.63,43.03,28.94,1,3,1
6,1,167.47,381.87,305.00,145.00,1,3,1
6,2,813.87,248.53,147.13,94.87,1,3,1
6,3,362.67,135.47,293.26,200.46,1,5,1
6,4,338.13,116.27,43.67,29.80,1,3,1
7,1,170.03,382.29,303.93,144.79,1,3,1
7,2,829.44,253.65,131.56,90.60,1,3,1
7,3,365.01,136.53,299.03,205.16,1,5,1
7,4,340.05,117.33,44.31,29.80,1,3,1
8,1,172.59,382.72,302.86,144.57,1,3,1
8,2,845.01,258.77,115.99,86.34,1,3,1
8,3,367.36,137.60,304.79,209.85,1,5,1
8,4,341.97,118.40,44.95,29.80,1,3,1
9,1,175.15,383.15,301.80,144.36,1,3,1
9,2,860.59,263.89,100.41,82.07,1,3,1
9,3,369.71,138.67,310.54,214.54,1,5,1
9,4,343.89,119.47,45.59,29.80,1,3,1
10,1,177.71,383.57,300.73,144.15,1,3,1
10,2,876.16,269.01,84.84,77.80,1,3,1
10,3,372.05,139.73,316.31,219.24,1,5,1
10,4,345.81,120.53,46.23,29.80,1,3,1
11,1,180.27,384.00,299.66,143.93,1,3,1
11,2,891.73,274.13,69.27,73.54,1,3,1
11,3,374.40,140.80,322.07,223.93,1,5,1
11,4,347.73,121.60,46.87,29.80,1,3,1
12,1,183.68,382.08,297.96,144.36,1,3,1
12,3,376.75,140.80,328.46,227.35,1,5,1
12,4,350.93,122.88,45.59,29.80,1,3,1
13,1,187.09,380.16,296.26,144.79,1,3,1
13,3,379.09,140.80,334.87,230.76,1,5,1
13,4,354.13,124.16,44.31,29.80,1,3,1
14,1,190.51,378.24,294.54,145.21,1,3,1
14,3,381.44,140.80,341.27,234.17,1,5,1
14,4,357.33,125.44,43.03,29.80,1,3,1
15,1,193.92,376.32,292.84,145.64,1,3,1
15,3,383.79,140.80,347.66,237.59,1,5,1
15,4,360.53,126.72,41.75,29.80,1,3,1
16,1,197.33,374.40,291.14,146.07,1,3,1
16,3,386.13,140.80,354.07,241.00,1,5,1
16,4,363.73,128.00,40.47,29.80,1,3,1
17,1,197.76,373.76,291.99,145.64,1,3,1
17,3,387.20,141.87,363.24,243.98,1,5,1
17,4,366.29,127.79,40.47,30.01,1,3,1
18,1,198.19,373.12,292.84,145.21,1,3,1
18,3,388.27,142.93,372.41,246.98,1,5,1
18,4,368.85,127.57,40.47,30.23,1,3,1
19,1,198.61,372.48,293.70,144.79,1,3,1
19,3,389.33,144.00,381.59,249.96,1,5,1
19,4,371.41,127.36,40.47,30.44,1,3,1
20,1,199.04,371.84,294.55,144.36,1,3,1
20,3,390.40,145.07,390.76,252.94,1,5,1
20,4,373.97,127.15,40.47,30.65,1,3,1
21,1,199.47,371.20,295.40,143.93,1,3,1
21,3,391.47,146.13,399.93,255.94,1,5,1
21,4,376.53,126.93,40.47,30.87,1,3,1
22,1,199.68,371.84,296.04,143.72,1,3,1
22,3,394.67,145.49,408.68,265.32,1,5,1
22,4,379.09,128.21,41.96,30.44,1,3,1
23,1,199.89,372.48,296.68,143.51,1,3,1
23,3,397.87,144.85,417.42,274.71,1,5,1
23,4,381.65,129.49,43.46,30.02,1,3,1
24,1,200.11,373.12,297.32,143.29,1,3,1
24,3,401.07,144.21,426.17,284.10,1,5,1
24,4,384.21,130.77,44.95,29.59,1,3,1
25,1,200.32,373.76,297.96,143.08,1,3,1
25,3,404.27,143.57,434.92,293.48,1,5,1
25,4,386.77,132.05,46.44,29.16,1,3,1
26,1,200.53,374.40,298.60,142.87,1,3,1
26,3,407.47,142.93,443.66,302.87,1,5,1
26,4,389.33,133.33,47.94,28.74,1,3,1
27,1,201.17,374.83,298.82,142.65,1,3,1
27,3,409.81,143.79,453.70,307.98,1,5,1
27,4,392.96,135.04,48.36,29.37,1,3,1
28,1,201.81,375.25,299.03,142.44,1,3,1
28,3,412.16,144.64,463.72,313.11,1,5,1
28,4,396.59,136.75,48.78,30.01,1,3,1
29,1,202.45,375.68,299.24,142.23,1,3,1
29,3,414.51,145.49,473.74,318.23,1,5,1
29,4,400.21,138.45,49.22,30.66,1,3,1
30,1,203.09,376.11,299.46,142.01,1,3,1
30,3,416.85,146.35,483.78,323.34,1,5,1
30,4,403.84,140.16,49.64,31.29,1,3,1
31,1,203.73,376.53,299.67,141.80,1,3,1
31,3,419.20,147.20,493.80,328.47,1,5,1
31,4,407.47,141.87,50.06,31.93,1,3,1
32,1,203.73,376.32,300.10,140.73,1,3,1
32,3,421.97,149.76,499.35,336.57,1,5,1
32,4,411.52,142.72,51.35,31.08,1,3,1
33,1,203.73,376.11,300.52,139.66,1,3,1
33,3,424.75,152.32,504.89,344.68,1,5,1
33,4,415.57,143.57,52.63,30.23,1,3,1
34,1,203.73,375.89,300.95,138.60,1,3,1
34,3,427.52,154.88,510.44,352.79,1,5,1
34,4,419.63,144.43,53.90,29.37,1,3,1
35,1,203.73,375.68,301.38,137.53,1,3,1
35,3,430.29,157.44,515.99,360.89,1,5,1
35,4,423.68,145.28,55.19,28.52,1,3,1
36,1,203.73,375.47,301.80,136.46,1,3,1
36,3,433.07,160.00,527.93,369.00,1,5,1
36,4,427.73,146.13,56.47,27.67,1,3,1
37,1,204.80,374.83,300.52,137.96,1,3,1
37,3,437.33,159.57,523.67,370.50,1,5,1
37,4,432.00,147.41,57.75,28.95,1,3,1
38,1,205.87,374.19,299.24,139.45,1,3,1
38,3,441.60,159.15,519.40,371.98,1,5,1
38,4,436.27,148.69,59.02,30.23,1,3,1
39,1,206.93,373.55,297.96,140.94,1,3,1
39,3,445.87,158.72,515.13,373.48,1,5,1
39,4,440.53,149.97,60.31,31.51,1,3,1
40,1,208.00,372.91,296.68,142.44,1,3,1
40,3,450.13,158.29,510.87,374.98,1,5,1
40,4,444.80,151.25,61.59,32.79,1,3,1
41,1,209.07,372.27,295.40,143.93,1,3,1
41,3,454.40,157.87,506.60,376.46,1,5,1
41,4,449.07,152.53,62.86,34.07,1,3,1
42,1,208.00,372.05,295.83,144.79,1,3,1
42,3,456.11,161.49,504.89,372.84,1,5,1
42,4,453.55,155.31,63.72,33.21,1,3,1
43,1,206.93,371.84,296.26,145.64,1,3,1
43,3,457.81,165.12,503.19,369.21,1,5,1
43,4,458.03,158.08,64.57,32.36,1,3,1
44,1,205.87,371.63,296.68,146.49,1,3,1
44,3,459.52,168.75,501.48,365.58,1,5,1
44,4,462.51,160.85,65.42,31.51,1,3,1
45,1,204.80,371.41,297.11,147.35,1,3,1
45,3,461.23,172.37,499.77,361.96,1,5,1
45,4,466.99,163.63,66.28,30.65,1,3,1
46,1,203.73,371.20,297.54,148.20,1,3,1
46,3,462.93,176.00,498.07,358.33,1,5,1
46,4,471.47,166.40,67.13,29.80,1,3,1
47,1,205.65,371.41,297.11,148.20,1,3,1
47,3,468.48,177.28,492.52,357.27,1,5,1
47,4,482.99,170.03,71.18,34.06,1,3,1
48,1,207.57,371.63,296.68,148.20,1,3,1
48,3,474.03,178.56,486.97,356.20,1,5,1
48,4,494.51,173.65,75.24,38.34,1,3,1
49,1,209.49,371.84,296.26,148.20,1,3,1
49,3,479.57,179.84,481.43,355.13,1,5,1
49,4,506.03,177.28,79.29,42.60,1,3,1
50,1,211.41,372.05,295.83,148.20,1,3,1
50,3,485.12,181.12,475.88,359.88,1,5,1
50,4,517.55,180.91,83.34,46.86,1,3,1
51,1,213.33,372.27,295.40,148.20,1,3,1
51,3,490.67,182.40,470.33,358.60,1,5,1
51,4,529.07,184.53,87.40,51.14,1,3,1
52,1,213.76,373.12,295.40,147.13,1,3,1
52,3,495.57,183.47,465.43,351.50,1,5,1
52,4,556.16,193.07,91.24,53.48,1,3,1
53,1,214.19,373.97,295.40,146.07,1,3,1
53,3,500.48,184.53,460.52,350.02,1,5,1
53,4,583.25,201.60,95.08,55.83,1,3,1
54,1,214.61,374.83,295.40,145.00,1,3,1
54,3,505.39,185.60,455.61,348.52,1,5,1
54,4,610.35,210.13,98.92,58.18,1,3,1
55,1,215.04,375.68,295.40,143.93,1,3,1
55,3,510.29,186.67,450.71,347.02,1,5,1
55,4,637.44,218.67,102.76,60.52,1,3,1
56,1,215.47,376.53,295.40,142.87,1,3,1
56,3,515.20,187.73,445.80,345.54,1,5,1
56,4,664.53,227.20,106.60,62.87,1,3,1
57,1,216.11,375.89,294.54,143.72,1,3,1
57,3,520.53,190.08,440.47,343.19,1,5,1
57,4,695.89,239.15,110.87,65.00,1,3,1
58,1,216.75,375.25,293.69,144.58,1,3,1
58,3,525.87,192.43,435.13,340.84,1,5,1
58,4,727.25,251.09,115.14,67.14,1,3,1
59,1,217.39,374.61,292.84,145.43,1,3,1
59,3,531.20,194.77,429.80,338.50,1,5,1
59,4,758.61,263.04,119.40,69.27,1,3,1
60,1,218.03,373.97,291.98,146.28,1,3,1
60,3,536.53,197.12,424.47,336.15,1,5,1
60,4,789.97,274.99,123.67,71.40,1,3,1
61,1,218.67,373.33,291.13,147.14,1,3,1
61,3,541.87,199.47,419.13,333.80,1,5,1
61,4,821.33,286.93,139.67,73.54,1,3,1
62,1,220.16,373.55,290.92,146.49,1,3,1
62,3,547.63,202.45,413.37,331.67,1,5,1
62,4,829.87,289.71,131.13,73.53,1,3,1
63,1,221.65,373.76,290.71,145.85,1,3,1
63,3,553.39,205.44,407.61,329.53,1,5,1
63,4,838.40,292.48,122.60,73.53,1,3,1
64,1,223.15,373.97,290.49,145.22,1,3,1
64,3,559.15,208.43,401.85,332.57,1,5,1
64,4,846.93,295.25,114.07,73.54,1,3,1
65,1,224.64,374.19,290.28,144.57,1,3,1
65,3,564.91,211.41,396.09,329.59,1,5,1
65,4,855.47,298.03,105.53,73.53,1,3,1
66,1,226.13,374.40,290.07,143.93,1,3,1
66,3,570.67,214.40,390.33,326.60,1,5,1
66,4,864.00,300.80,97.00,73.53,1,3,1
67,1,225.49,374.83,290.92,142.65,1,3,1
67,3,578.13,213.97,382.87,327.03,1,5,1
67,4,875.31,301.44,85.69,72.47,1,3,1
68,1,224.85,375.25,291.78,141.38,1,3,1
68,3,585.60,213.55,375.40,327.45,1,5,1
68,4,886.61,302.08,74.39,71.40,1,3,1
69,1,224.21,375.68,292.63,140.09,1,3,1
69,3,593.07,213.12,367.93,327.88,1,5,1
69,4,897.92,302.72,63.08,70.33,1,3,1
70,1,223.57,376.11,293.48,138.81,1,3,1
70,3,600.53,212.69,360.47,328.31,1,5,1
70,4,909.23,303.36,51.77,69.27,1,3,1
71,1,222.93,376.53,294.34,137.54,1,3,1
71,3,608.00,212.27,353.00,328.73,1,5,1
71,4,920.53,304.00,40.47,68.20,1,3,1
72,1,224.85,375.04,292.84,139.03,1,3,1
72,3,616.11,216.11,344.89,324.89,1,5,1
73,1,226.77,373.55,291.35,140.52,1,3,1
73,3,624.21,219.95,336.79,315.02,1,5,1
74,1,228.69,372.05,289.86,142.02,1,3,1
74,3,632.32,223.79,328.68,310.97,1,5,1
75,1,230.61,370.56,288.36,143.51,1,3,1
75,3,640.43,227.63,320.57,306.92,1,5,1
76,1,232.53,369.07,286.87,145.00,1,3,1
76,3,648.53,231.47,312.47,302.86,1,5,1
76,5,226.13,88.53,24.47,18.07,1,3,1
77,1,233.39,368.43,286.65,144.57,1,3,1
77,3,656.85,233.39,304.15,301.16,1,5,1
77,5,225.71,88.96,25.32,17.43,1,3,1
78,1,234.24,367.79,286.44,144.14,1,3,1
78,3,665.17,235.31,295.83,299.45,1,5,1
78,5,225.28,89.39,26.17,16.78,1,3,1
79,1,235.09,367.15,286.23,143.72,1,3,1
79,3,673.49,237.23,287.51,297.74,1,5,1
79,5,224.85,89.81,27.03,16.15,1,3,1
80,1,235.95,366.51,286.01,143.29,1,3,1
80,3,681.81,239.15,279.19,301.85,1,5,1
80,5,224.43,90.24,27.88,15.51,1,3,1
81,1,236.80,365.87,285.80,142.86,1,3,1
81,3,690.13,241.07,270.87,299.93,1,5,1
81,5,224.00,90.67,28.73,14.86,1,3,1
82,1,238.29,367.15,285.38,141.37,1,3,1
82,3,701.01,246.61,259.99,288.36,1,5,1
82,5,225.07,90.24,28.09,15.72,1,3,1
83,1,239.79,368.43,284.94,139.88,1,3,1
83,3,711.89,252.16,249.11,282.39,1,5,1
83,5,226.13,89.81,27.46,16.58,1,3,1
84,1,241.28,369.71,284.52,138.38,1,3,1
84,3,722.77,257.71,238.23,276.41,1,5,1
84,5,227.20,89.39,26.81,17.42,1,3,1
85,1,242.77,370.99,284.10,136.89,1,3,1
85,3,733.65,263.25,227.35,270.44,1,5,1
85,5,228.27,88.96,26.17,18.28,1,3,1
86,1,244.27,372.27,283.66,135.40,1,3,1
86,3,744.53,268.80,216.47,264.47,1,5,1
86,5,229.33,88.53,25.54,19.14,1,3,1
87,1,247.25,371.63,282.39,135.82,1,3,1
87,3,756.27,271.57,204.73,262.12,1,5,1
87,5,229.76,89.60,26.17,18.28,1,3,1
88,1,250.24,370.99,281.11,136.25,1,3,1
88,3,768.00,274.35,193.00,259.77,1,5,1
88,5,230.19,90.67,26.81,17.42,1,3,1
89,1,253.23,370.35,279.82,136.68,1,3,1
89,3,779.73,277.12,181.27,257.43,1,5,1
89,5,230.61,91.73,27.46,16.58,1,3,1
90,1,256.21,369.71,278.55,137.10,1,3,1
90,3,791.47,279.89,169.53,255.08,1,5,1
90,5,231.04,92.80,28.09,15.72,1,3,1
91,1,259.20,369.07,277.27,137.53,1,3,1
91,3,803.20,282.67,157.80,258.33,1,5,1
91,5,231.47,93.87,28.73,14.86,1,3,1
92,1,260.05,368.64,278.76,137.53,1,3,1
92,3,815.79,289.92,145.21,251.08,1,5,1
92,5,232.75,94.08,28.52,15.08,1,3,1
93,1,260.91,368.21,280.25,137.54,1,3,1
93,3,828.37,297.17,132.63,243.83,1,5,1
93,5,234.03,94.29,28.30,15.30,1,3,1
94,1,261.76,367.79,281.75,137.53,1,3,1
94,3,840.96,304.43,120.04,236.57,1,5,1
94,5,235.31,94.51,28.09,15.50,1,3,1
95,1,262.61,367.36,283.24,137.53,1,3,1
95,3,853.55,311.68,107.45,229.32,1,5,1
95,5,236.59,94.72,27.88,15.72,1,3,1
96,1,263.47,366.93,284.73,137.54,1,3,1
96,3,866.13,318.93,94.87,222.07,1,5,1
96,5,237.87,94.93,27.66,15.94,1,3,1
97,1,266.03,366.51,284.73,137.74,1,3,1
97,5,238.93,95.15,28.31,16.36,1,3,1
98,1,268.59,366.08,284.73,137.96,1,3,1
98,5,240.00,95.36,28.95,16.79,1,3,1
99,1,271.15,365.65,284.73,138.18,1,3,1
99,5,241.07,95.57,29.58,17.22,1,3,1
100,1,273.71,365.23,284.73,138.38,1,3,1
100,5,242.13,95.79,30.23,17.64,1,3,1
101,1,276.27,364.80,284.73,138.60,1,3,1
101,5,243.20,96.00,30.87,18.07,1,3,1
102,1,278.61,364.80,284.31,138.17,1,3,1
102,5,243.41,96.00,30.87,18.28,1,3,1
103,1,280.96,364.80,283.88,137.75,1,3,1
103,5,243.63,96.00,30.86,18.49,1,3,1
104,1,283.31,364.80,283.45,137.32,1,3,1
104,5,243.84,96.00,30.87,18.71,1,3,1
105,1,285.65,364.80,283.03,136.89,1,3,1
105,5,244.05,96.00,30.87,18.92,1,3,1
106,1,288.00,364.80,282.60,136.47,1,3,1
106,5,244.27,96.00,30.86,19.13,1,3,1
107,1,290.99,363.31,280.25,136.89,1,3,1
107,5,244.69,96.43,30.44,18.92,1,3,1
108,1,293.97,361.81,277.91,137.32,1,3,1
108,5,245.12,96.85,30.01,18.71,1,3,1
109,1,296.96,360.32,275.56,137.75,1,3,1
109,5,245.55,97.28,29.58,18.49,1,3,1
110,1,299.95,358.83,273.21,138.17,1,3,1
110,5,245.97,97.71,29.16,18.28,1,3,1
111,1,302.93,357.33,270.87,138.60,1,3,1
111,5,246.40,98.13,28.73,18.07,1,3,1
112,1,302.93,356.91,273.86,139.24,1,3,1
112,5,246.83,98.56,29.16,17.85,1,3,1
113,1,302.93,356.48,276.84,139.88,1,3,1
113,5,247.25,98.99,29.59,17.64,1,3,1
114,1,302.93,356.05,279.83,140.52,1,3,1
114,5,247.68,99.41,30.01,17.43,1,3,1
115,1,302.93,355.63,282.82,141.16,1,3,1
115,5,248.11,99.84,30.44,17.21,1,3,1
116,1,302.93,355.20,285.80,141.80,1,3,1
116,5,248.53,100.27,30.87,17.00,1,3,1
117,1,306.56,355.84,282.81,139.88,1,3,1
117,5,249.81,100.69,30.23,17.86,1,3,1
118,1,310.19,356.48,279.82,137.96,1,3,1
118,5,251.09,101.12,29.59,18.71,1,3,1
119,1,313.81,357.12,276.84,136.04,1,3,1
119,5,252.37,101.55,28.95,19.56,1,3,1
120,1,317.44,357.76,273.85,134.12,1,3,1
120,5,253.65,101.97,28.31,20.42,1,3,1
121,1,321.07,358.40,270.86,132.20,1,3,1
121,5,254.93,102.40,27.67,21.27,1,3,1
122,1,323.84,358.19,270.87,132.20,1,3,1
122,5,255.79,103.04,28.30,20.84,1,3,1
123,1,326.61,357.97,270.87,132.20,1,3,1
123,5,256.64,103.68,28.95,20.41,1,3,1
124,1,329.39,357.76,270.86,132.20,1,3,1
124,5,257.49,104.32,29.59,19.99,1,3,1
125,1,332.16,357.55,270.87,132.20,1,3,1
125,5,258.35,104.96,30.22,19.56,1,3,1
126,1,334.93,357.33,270.87,132.20,1,3,1
126,5,259.20,105.60,30.87,19.13,1,3,1
127,1,337.71,357.33,271.50,131.14,1,3,1
127,5,259.84,106.24,31.29,18.71,1,3,1
128,1,340.48,357.33,272.15,130.07,1,3,1
128,5,260.48,106.88,31.72,18.28,1,3,1
129,1,343.25,357.33,272.79,129.00,1,3,1
129,5,261.12,107.52,32.15,17.85,1,3,1
130,1,346.03,357.33,273.42,127.94,1,3,1
130,5,261.76,108.16,32.57,17.43,1,3,1
131,1,348.80,357.33,274.07,126.87,1,3,1
131,5,262.40,108.80,33.00,17.00,1,3,1
132,1,352.21,356.27,273.43,127.08,1,3,1
132,5,263.68,108.80,32.57,17.85,1,3,1
133,1,355.63,355.20,272.78,127.29,1,3,1
133,5,264.96,108.80,32.15,18.71,1,3,1
134,1,359.04,354.13,272.15,127.51,1,3,1
134,5,266.24,108.80,31.72,19.56,1,3,1
135,1,362.45,353.07,271.51,127.72,1,3,1
135,5,267.52,108.80,31.29,20.41,1,3,1
136,1,365.87,352.00,270.86,127.93,1,3,1
136,5,268.80,108.80,30.87,21.27,1,3,1
137,1,368.00,352.64,270.87,127.08,1,3,1
137,5,270.29,109.87,31.30,20.62,1,3,1
138,1,370.13,353.28,270.87,126.23,1,3,1
138,5,271.79,110.93,31.72,19.99,1,3,1
139,1,372.27,353.92,270.86,125.37,1,3,1
139,5,273.28,112.00,32.15,19.35,1,3,1
140,1,374.40,354.56,270.87,124.52,1,3,1
140,5,274.77,113.07,32.58,18.70,1,3,1
141,1,376.53,355.20,270.87,123.67,1,3,1
141,5,276.27,114.13,33.00,18.07,1,3,1
142,1,379.52,355.20,271.72,123.24,1,3,1
142,5,276.91,114.56,32.57,18.28,1,3,1
143,1,382.51,355.20,272.57,122.81,1,3,1
143,5,277.55,114.99,32.14,18.49,1,3,1
144,1,385.49,355.20,273.43,122.39,1,3,1
144,5,278.19,115.41,31.72,18.71,1,3,1
145,1,388.48,355.20,274.28,121.96,1,3,1
145,5,278.83,115.84,31.29,18.92,1,3,1
146,1,391.47,355.20,275.13,121.53,1,3,1
146,5,279.47,116.27,30.86,19.13,1,3,1
147,1,394.88,353.49,274.92,122.39,1,3,1
147,5,280.11,115.63,30.44,19.34,1,3,1
148,1,398.29,351.79,274.71,123.24,1,3,1
148,5,280.75,114.99,30.01,19.56,1,3,1
149,1,401.71,350.08,274.49,124.09,1,3,1
149,5,281.39,114.35,29.58,19.77,1,3,1
150,1,405.12,348.37,274.28,124.95,1,3,1
150,5,282.03,113.71,29.16,19.98,1,3,1
151,1,408.53,346.67,274.07,125.80,1,3,1
151,5,282.67,113.07,28.73,20.20,1,3,1
152,1,412.37,346.45,273.00,125.38,1,3,1
152,5,283.95,113.92,30.22,20.63,1,3,1
153,1,416.21,346.24,271.94,124.95,1,3,1
153,5,285.23,114.77,31.72,21.06,1,3,1
154,1,420.05,346.03,270.87,124.52,1,3,1
154,5,286.51,115.63,33.21,21.48,1,3,1
155,1,423.89,345.81,269.80,124.10,1,3,1
155,5,287.79,116.48,34.70,21.91,1,3,1
156,1,427.73,345.60,268.74,123.67,1,3,1
156,5,289.07,117.33,36.20,22.34,1,3,1
157,1,431.57,345.39,269.38,123.24,1,3,1
157,5,289.92,117.55,36.84,22.76,1,3,1
158,1,435.41,345.17,270.02,122.82,1,3,1
158,5,290.77,117.76,37.48,23.19,1,3,1
159,1,439.25,344.96,270.66,122.39,1,3,1
159,5,291.63,117.97,38.12,23.62,1,3,1
160,1,443.09,344.75,271.30,121.96,1,3,1
160,5,292.48,118.19,38.76,24.04,1,3,1
161,1,446.93,344.53,271.94,121.54,1,3,1
161,5,293.33,118.40,39.40,24.47,1,3,1
162,1,450.77,344.75,271.94,120.68,1,3,1
162,5,294.83,119.47,38.97,24.04,1,3,1
163,1,454.61,344.96,271.94,119.83,1,3,1
163,5,296.32,120.53,38.55,23.62,1,3,1
164,1,458.45,345.17,271.94,118.98,1,3,1
164,5,297.81,121.60,38.12,23.19,1,3,1
165,1,462.29,345.39,271.94,118.12,1,3,1
165,5,299.31,122.67,37.69,22.76,1,3,1
166,1,466.13,345.60,271.94,117.27,1,3,1
166,5,300.80,123.73,37.27,22.34,1,3,1
167,1,471.04,344.75,273.21,117.48,1,3,1
167,5,302.08,124.16,38.33,22.97,1,3,1
168,1,475.95,343.89,274.49,117.70,1,3,1
168,5,303.36,124.59,39.40,23.61,1,3,1
169,1,480.85,343.04,275.78,117.91,1,3,1
169,5,304.64,125.01,40.47,24.26,1,3,1
170,1,485.76,342.19,277.05,118.12,1,3,1
170,5,305.92,125.44,41.53,24.89,1,3,1
171,1,490.67,341.33,278.33,118.34,1,3,1
171,5,307.20,125.87,42.60,25.53,1,3,1
172,1,495.36,342.61,279.19,116.84,1,3,1
172,5,308.27,126.08,43.02,25.75,1,3,1
173,1,500.05,343.89,280.04,115.35,1,3,1
173,5,309.33,126.29,43.46,25.96,1,3,1
174,1,504.75,345.17,280.89,113.86,1,3,1
174,5,310.40,126.51,43.88,26.17,1,3,1
175,1,509.44,346.45,281.75,112.36,1,3,1
175,5,311.47,126.72,44.30,26.39,1,3,1
176,1,514.13,347.73,282.60,110.87,1,3,1
176,5,312.53,126.93,44.74,26.60,1,3,1
177,1,519.47,347.09,283.02,112.36,1,3,1
177,5,314.24,127.79,44.31,26.81,1,3,1
178,1,524.80,346.45,283.45,113.86,1,3,1
178,5,315.95,128.64,43.88,27.03,1,3,1
179,1,530.13,345.81,283.88,115.35,1,3,1
179,5,317.65,129.49,43.46,27.24,1,3,1
180,1,535.47,345.17,284.30,116.84,1,3,1
180,5,319.36,130.35,43.03,27.45,1,3,1
181,1,540.80,344.53,284.73,118.34,1,3,1
181,5,321.07,131.20,42.60,27.67,1,3,1
182,1,546.35,345.17,284.30,118.76,1,3,1
182,5,322.56,131.84,43.67,28.52,1,3,1
183,1,551.89,345.81,283.88,119.19,1,3,1
183,5,324.05,132.48,44.74,29.37,1,3,1
184,1,557.44,346.45,283.45,119.62,1,3,1
184,5,325.55,133.12,45.80,30.23,1,3,1
185,1,562.99,347.09,283.02,120.04,1,3,1
185,5,327.04,133.76,46.87,31.08,1,3,1
186,1,568.53,347.73,282.60,120.47,1,3,1
186,5,328.53,134.40,47.94,31.93,1,3,1
187,1,573.65,348.80,284.31,120.68,1,3,1
187,5,330.67,135.04,48.14,32.15,1,3,1
188,1,578.77,349.87,286.02,120.89,1,3,1
188,5,332.80,135.68,48.36,32.36,1,3,1
189,1,583.89,350.93,287.72,121.11,1,3,1
189,5,334.93,136.32,48.58,32.57,1,3,1
190,1,589.01,352.00,289.43,121.32,1,3,1
190,5,337.07,136.96,48.78,32.79,1,3,1
191,1,594.13,353.07,291.14,121.53,1,3,1
191,5,339.20,137.60,49.00,33.00,1,3,1
192,1,599.04,352.21,293.69,125.38,1,3,1
192,5,340.69,138.24,49.43,32.79,1,3,1
193,1,603.95,351.36,296.25,129.21,1,3,1
193,5,342.19,138.88,49.85,32.57,1,3,1
194,1,608.85,350.51,298.82,133.05,1,3,1
194,5,343.68,139.52,50.28,32.36,1,3,1
195,1,613.76,349.65,301.37,136.90,1,3,1
195,5,345.17,140.16,50.71,32.15,1,3,1
196,1,618.67,348.80,303.93,140.73,1,3,1
196,5,346.67,140.80,51.13,31.93,1,3,1
196,6,218.67,92.80,25.53,19.13,1,3,1
197,1,623.79,349.65,305.64,144.58,1,3,1
197,5,349.23,142.51,51.13,32.14,1,3,1
197,6,218.45,94.08,26.18,18.92,1,3,1
198,1,628.91,350.51,307.34,148.41,1,3,1
198,5,351.79,144.21,51.13,32.36,1,3,1
198,6,218.24,95.36,26.81,18.71,1,3,1
199,1,634.03,351.36,309.05,152.25,1,3,1
199,5,354.35,145.92,51.13,32.57,1,3,1
199,6,218.03,96.64,27.45,18.49,1,3,1
200,1,639.15,352.21,321.85,156.10,1,3,1
200,5,356.91,147.63,51.13,32.78,1,3,1
200,6,217.81,97.92,28.10,18.28,1,3,1
201,1,644.27,353.07,316.73,159.93,1,3,1
201,5,359.47,149.33,51.13,33.00,1,3,1
201,6,217.60,99.20,28.73,18.07,1,3,1
202,1,649.60,353.92,311.40,160.79,1,3,1
202,5,362.24,149.97,51.99,33.43,1,3,1
202,6,218.67,98.77,28.30,18.07,1,3,1
203,1,654.93,354.77,306.07,161.64,1,3,1
203,5,365.01,150.61,52.84,33.86,1,3,1
203,6,219.73,98.35,27.88,18.06,1,3,1
204,1,660.27,355.63,300.73,162.49,1,3,1
204,5,367.79,151.25,53.69,34.28,1,3,1
204,6,220.80,97.92,27.45,18.07,1,3,1
205,1,665.60,356.48,295.40,163.35,1,3,1
205,5,370.56,151.89,54.55,34.71,1,3,1
205,6,221.87,97.49,27.02,18.07,1,3,1
206,1,670.93,357.33,290.07,164.20,1,3,1
206,5,373.33,152.53,55.40,35.14,1,3,1
206,6,222.93,97.07,26.60,18.06,1,3,1
207,1,677.55,358.19,283.45,164.20,1,3,1
207,5,375.04,153.60,56.47,35.56,1,3,1
207,6,223.57,98.13,26.39,17.43,1,3,1
208,1,684.16,359.04,276.84,164.20,1,3,1
208,5,376.75,154.67,57.53,35.98,1,3,1
208,6,224.21,99.20,26.18,16.79,1,3,1
209,1,690.77,359.89,270.23,164.20,1,3,1
209,5,378.45,155.73,58.60,36.42,1,3,1
209,6,224.85,100.27,25.96,16.14,1,3,1
210,1,697.39,360.75,263.61,164.20,1,3,1
210,5,380.16,156.80,59.67,36.84,1,3,1
210,6,225.49,101.33,25.75,15.51,1,3,1
211,1,704.00,361.60,257.00,164.20,1,3,1
211,5,381.87,157.87,60.73,37.26,1,3,1
211,6,226.13,102.40,25.54,14.87,1,3,1
212,1,713.81,362.45,247.19,165.06,1,3,1
212,5,384.43,158.08,60.52,38.55,1,3,1
212,6,226.13,101.97,25.75,15.94,1,3,1
213,1,723.63,363.31,237.37,165.90,1,3,1
213,5,386.99,158.29,60.30,39.83,1,3,1
213,6,226.13,101.55,25.96,17.00,1,3,1
214,1,733.44,364.16,227.56,166.76,1,3,1
214,5,389.55,158.51,60.09,41.10,1,3,1
214,6,226.13,101.12,26.18,18.07,1,3,1
215,1,743.25,365.01,217.75,167.62,1,3,1
215,5,392.11,158.72,59.88,42.39,1,3,1
215,6,226.13,100.69,26.39,19.14,1,3,1
216,1,753.07,365.87,207.93,168.46,1,3,1
216,5,394.67,158.93,59.66,43.67,1,3,1
216,6,226.13,100.27,26.60,20.20,1,3,1
217,1,755.20,368.85,205.80,165.70,1,3,1
217,5,397.01,160.43,61.16,43.66,1,3,1
217,6,225.92,100.48,27.45,19.99,1,3,1
218,1,757.33,371.84,203.67,162.92,1,3,1
218,5,399.36,161.92,62.65,43.67,1,3,1
218,6,225.71,100.69,28.30,19.78,1,3,1
219,1,759.47,374.83,201.53,160.14,1,3,1
219,5,401.71,163.41,64.14,43.67,1,3,1
219,6,225.49,100.91,29.16,19.56,1,3,1
220,1,761.60,377.81,199.40,163.19,1,3,1
220,5,404.05,164.91,65.64,43.66,1,3,1
220,6,225.28,101.12,30.01,19.35,1,3,1
221,1,763.73,380.80,197.27,160.20,1,3,1
221,5,406.40,166.40,67.13,43.67,1,3,1
221,6,225.07,101.33,30.86,19.14,1,3,1
222,1,772.05,382.08,188.95,158.92,1,3,1
222,5,410.24,168.32,68.41,44.73,1,3,1
222,6,226.13,101.55,30.66,19.56,1,3,1
223,1,780.37,383.36,180.63,157.64,1,3,1
223,5,414.08,170.24,69.69,45.80,1,3,1
223,6,227.20,101.76,30.44,19.99,1,3,1
224,1,788.69,384.64,172.31,156.36,1,3,1
224,5,417.92,172.16,70.97,46.87,1,3,1
224,6,228.27,101.97,30.22,20.42,1,3,1
225,1,797.01,385.92,163.99,155.08,1,3,1
225,5,421.76,174.08,72.25,47.93,1,3,1
225,6,229.33,102.19,30.02,20.84,1,3,1
226,1,805.33,387.20,155.67,153.80,1,3,1
226,5,425.60,176.00,73.53,49.00,1,3,1
226,6,230.40,102.40,29.80,21.27,1,3,1
227,1,811.09,388.48,149.91,152.52,1,3,1
227,5,428.80,176.85,74.17,49.43,1,3,1
227,6,231.47,102.83,29.58,21.05,1,3,1
228,1,816.85,389.76,144.15,151.24,1,3,1
228,5,432.00,177.71,74.81,49.85,1,3,1
228,6,232.53,103.25,29.38,20.84,1,3,1
229,1,822.61,391.04,138.39,149.96,1,3,1
229,5,435.20,178.56,75.45,50.28,1,3,1
229,6,233.60,103.68,29.16,20.63,1,3,1
230,1,828.37,392.32,132.63,148.68,1,3,1
230,5,438.40,179.41,76.09,50.71,1,3,1
230,6,234.67,104.11,28.94,20.41,1,3,1
231,1,834.13,393.60,126.87,147.40,1,3,1
231,5,441.60,180.27,76.73,51.13,1,3,1
231,6,235.73,104.53,28.74,20.20,1,3,1
232,1,840.32,398.72,120.68,142.28,1,3,1
232,5,446.08,181.33,78.01,51.99,1,3,1
232,6,236.16,105.17,29.16,19.56,1,3,1
233,1,846.51,403.84,114.49,137.16,1,3,1
233,5,450.56,182.40,79.29,52.84,1,3,1
233,6,236.59,105.81,29.58,18.92,1,3,1
234,1,852.69,408.96,108.31,132.04,1,3,1
234,5,455.04,183.47,80.57,53.69,1,3,1
234,6,237.01,106.45,30.02,18.28,1,3,1
235,1,858.88,414.08,102.12,126.92,1,3,1
235,5,459.52,184.53,81.85,54.55,1,3,1
235,6,237.44,107.09,30.44,17.64,1,3,1
236,1,865.07,419.20,95.93,121.80,1,3,1
236,5,464.00,185.60,83.13,55.40,1,3,1
236,6,237.87,107.73,30.86,17.00,1,3,1
237,1,871.25,424.11,89.75,116.89,1,3,1
237,5,469.12,186.88,85.69,56.04,1,3,1
237,6,238.72,107.52,31.29,17.64,1,3,1
238,1,877.44,429.01,83.56,111.99,1,3,1
238,5,474.24,188.16,88.25,56.68,1,3,1
238,6,239.57,107.31,31.72,18.28,1,3,1
239,1,883.63,433.92,77.37,101.05,1,3,1
239,5,479.36,189.44,90.81,57.32,1,3,1
239,6,240.43,107.09,32.14,18.92,1,3,1
240,1,889.81,438.83,71.19,95.29,1,3,1
240,5,484.48,190.72,93.37,57.96,1,3,1
240,6,241.28,106.88,32.57,19.56,1,3,1
241,1,896.00,443.73,65.00,89.54,1,3,1
241,5,489.60,192.00,95.93,58.60,1,3,1
241,6,242.13,106.67,33.00,20.20,1,3,1
242,5,493.87,194.56,98.28,58.81,1,3,1
242,6,243.41,106.88,32.79,20.41,1,3,1
243,5,498.13,197.12,100.63,59.03,1,3,1
243,6,244.69,107.09,32.58,20.63,1,3,1
244,5,502.40,199.68,102.97,59.24,1,3,1
244,6,245.97,107.31,32.36,20.84,1,3,1
245,5,506.67,202.24,105.32,59.45,1,3,1
245,6,247.25,107.52,32.15,21.05,1,3,1
246,5,510.93,204.80,107.67,59.67,1,3,1
246,6,248.53,107.73,31.94,21.27,1,3,1
247,5,517.55,206.51,109.80,61.58,1,3,1
247,6,249.60,107.95,31.72,21.48,1,3,1
248,5,524.16,208.21,111.93,63.51,1,3,1
248,6,250.67,108.16,31.50,21.69,1,3,1
249,5,530.77,209.92,114.07,65.43,1,3,1
249,6,251.73,108.37,31.30,21.91,1,3,1
250,5,537.39,211.63,116.20,67.34,1,3,1
250,6,252.80,108.59,31.08,22.12,1,3,1
251,5,544.00,213.33,118.33,69.27,1,3,1
251,6,253.87,108.80,30.86,22.33,1,3,1
252,5,550.83,215.25,120.68,69.91,1,3,1
252,6,254.08,109.23,31.93,22.76,1,3,1
253,5,557.65,217.17,123.03,70.55,1,3,1
253,6,254.29,109.65,33.00,23.19,1,3,1
254,5,564.48,219.09,125.37,71.19,1,3,1
254,6,254.51,110.08,34.06,23.61,1,3,1
255,5,571.31,221.01,127.72,71.83,1,3,1
255,6,254.72,110.51,35.13,24.04,1,3,1
256,5,578.13,222.93,130.07,72.47,1,3,1
256,6,254.93,110.93,36.20,24.47,1,3,1
257,5,585.39,225.07,134.12,74.81,1,3,1
257,6,255.15,111.36,36.62,23.83,1,3,1
258,5,592.64,227.20,138.17,77.16,1,3,1
258,6,255.36,111.79,37.05,23.18,1,3,1
259,5,599.89,229.33,142.23,79.51,1,3,1
259,6,255.57,112.21,37.48,22.55,1,3,1
260,5,607.15,231.47,146.28,81.85,1,3,1
260,6,255.79,112.64,37.90,21.91,1,3,1
261,5,614.40,233.60,150.33,84.20,1,3,1
261,6,256.00,113.07,38.33,21.26,1,3,1
262,5,622.08,236.59,154.81,85.90,1,3,1
262,6,256.64,113.92,37.91,21.48,1,3,1
263,5,629.76,239.57,159.29,87.62,1,3,1
263,6,257.28,114.77,37.48,21.70,1,3,1
264,5,637.44,242.56,163.77,89.32,1,3,1
264,6,257.92,115.63,37.05,21.90,1,3,1
265,5,645.12,245.55,168.25,91.02,1,3,1
265,6,258.56,116.48,36.63,22.12,1,3,1
266,5,652.80,248.53,172.73,92.74,1,3,1
266,6,259.20,117.33,36.20,22.34,1,3,1
267,5,664.11,252.59,177.00,94.44,1,3,1
267,6,259.84,117.55,37.05,22.54,1,3,1
268,5,675.41,256.64,181.27,96.15,1,3,1
268,6,260.48,117.76,37.91,22.76,1,3,1
269,5,686.72,260.69,185.53,97.86,1,3,1
269,6,261.12,117.97,38.76,22.98,1,3,1
270,5,698.03,264.75,189.80,99.56,1,3,1
270,6,261.76,118.19,39.61,23.18,1,3,1
271,5,709.33,268.80,194.07,101.27,1,3,1
271,6,262.40,118.40,40.47,23.40,1,3,1
272,5,721.71,272.43,190.86,103.61,1,3,1
272,6,263.25,118.61,40.26,23.40,1,3,1
273,5,734.08,276.05,187.67,105.96,1,3,1
273,6,264.11,118.83,40.04,23.40,1,3,1
274,5,746.45,279.68,184.47,108.31,1,3,1
274,6,264.96,119.04,39.83,23.40,1,3,1
275,5,758.83,283.31,181.26,110.65,1,3,1
275,6,265.81,119.25,39.62,23.40,1,3,1
276,5,771.20,286.93,189.80,113.00,1,3,1
276,6,266.67,119.47,39.40,23.40,1,3,1
277,5,786.56,290.35,174.44,109.16,1,3,1
277,6,267.52,119.47,39.19,24.04,1,3,1
278,5,801.92,293.76,159.08,105.32,1,3,1
278,6,268.37,119.47,38.98,24.68,1,3,1
279,5,817.28,297.17,143.72,101.48,1,3,1
279,6,269.23,119.47,38.76,25.32,1,3,1
280,5,832.64,300.59,128.36,97.64,1,3,1
280,6,270.08,119.47,38.55,25.96,1,3,1
281,5,848.00,304.00,113.00,93.80,1,3,1
281,6,270.93,119.47,38.34,26.60,1,3,1
282,6,272.43,119.47,36.84,27.24,1,3,1
283,6,273.92,119.47,35.35,27.88,1,3,1
284,6,275.41,119.47,33.86,28.52,1,3,1
285,6,276.91,119.47,32.36,29.16,1,3,1
286,6,278.40,119.47,30.87,29.80,1,3,1
287,6,279.25,120.75,31.08,28.73,1,3,1
288,6,280.11,122.03,31.29,27.66,1,3,1
289,6,280.96,123.31,31.51,26.60,1,3,1
290,6,281.81,124.59,31.72,25.53,1,3,1
291,6,282.67,125.87,31.93,24.46,1,3,1
292,6,283.95,126.51,33.00,24.68,1,3,1
293,6,285.23,127.15,34.06,24.89,1,3,1
294,6,286.51,127.79,35.13,25.10,1,3,1
295,6,287.79,128.43,36.20,25.32,1,3,1
296,6,289.07,129.07,37.26,25.53,1,3,1
297,6,289.28,129.49,38.33,25.96,1,3,1
298,6,289.49,129.92,39.40,26.39,1,3,1
299,6,289.71,130.35,40.46,26.81,1,3,1
300,6,289.92,130.77,41.53,27.24,1,3,1
301,6,290.13,131.20,42.60,27.67,1,3,1
302,6,290.77,132.05,42.60,27.67,1,3,1
303,6,291.41,132.91,42.60,27.66,1,3,1
304,6,292.05,133.76,42.60,27.67,1,3,1
305,6,292.69,134.61,42.60,27.67,1,3,1
306,6,293.33,135.47,42.60,27.66,1,3,1
307,6,294.40,135.68,42.81,28.09,1,3,1
308,6,295.47,135.89,43.02,28.52,1,3,1
309,6,296.53,136.11,43.24,28.94,1,3,1
310,6,297.60,136.32,43.45,29.37,1,3,1
311,6,298.67,136.53,43.66,29.80,1,3,1
312,6,300.37,137.17,43.67,29.80,1,3,1
313,6,302.08,137.81,43.67,29.80,1,3,1
314,6,303.79,138.45,43.66,29.80,1,3,1
315,6,305.49,139.09,43.67,29.80,1,3,1
316,6,307.20,139.73,43.67,29.80,1,3,1
317,6,308.05,140.59,44.10,30.44,1,3,1
318,6,308.91,141.44,44.52,31.08,1,3,1
319,6,309.76,142.29,44.95,31.72,1,3,1
320,6,310.61,143.15,45.38,32.36,1,3,1
321,6,311.47,144.00,45.80,33.00,1,3,1
322,6,312.75,144.43,46.22,33.64,1,3,1
323,6,314.03,144.85,46.65,34.28,1,3,1
324,6,315.31,145.28,47.08,34.92,1,3,1
325,6,316.59,145.71,47.50,35.56,1,3,1
326,6,317.87,146.13,47.93,36.20,1,3,1
327,6,318.93,146.99,48.36,36.20,1,3,1
328,6,320.00,147.84,48.79,36.20,1,3,1
329,6,321.07,148.69,49.21,36.20,1,3,1
330,6,322.13,149.55,49.64,36.20,1,3,1
331,6,323.20,150.40,50.07,36.20,1,3,1
332,6,325.12,151.04,50.49,36.20,1,3,1
333,6,327.04,151.68,50.92,36.20,1,3,1
334,6,328.96,152.32,51.35,36.20,1,3,1
335,6,330.88,152.96,51.77,36.20,1,3,1
336,6,332.80,153.60,52.20,36.20,1,3,1
337,6,334.29,154.03,52.42,36.41,1,3,1
338,6,335.79,154.45,52.62,36.63,1,3,1
339,6,337.28,154.88,52.84,36.84,1,3,1
340,6,338.77,155.31,53.06,37.05,1,3,1
341,6,340.27,155.73,53.26,37.27,1,3,1
342,6,341.76,155.95,53.69,37.90,1,3,1
343,6,343.25,156.16,54.12,38.55,1,3,1
344,6,344.75,156.37,54.54,39.19,1,3,1
345,6,346.24,156.59,54.97,39.82,1,3,1
346,6,347.73,156.80,55.40,40.47,1,3,1
347,6,348.59,158.08,56.68,41.11,1,3,1
348,6,349.44,159.36,57.96,41.75,1,3,1
349,6,350.29,160.64,59.24,42.39,1,3,1
350,6,351.15,161.92,60.52,43.03,1,3,1
351,6,352.00,163.20,61.80,43.67,1,3,1
352,6,353.71,164.48,62.01,43.03,1,3,1
353,6,355.41,165.76,62.23,42.39,1,3,1
354,6,357.12,167.04,62.44,41.75,1,3,1
355,6,358.83,168.32,62.65,41.11,1,3,1
356,6,360.53,169.60,62.87,40.47,1,3,1
357,6,361.81,169.81,63.08,41.75,1,3,1
358,6,363.09,170.03,63.30,43.02,1,3,1
359,6,364.37,170.24,63.51,44.31,1,3,1
360,6,365.65,170.45,63.72,45.59,1,3,1
361,6,366.93,170.67,63.94,46.86,1,3,1
362,6,368.00,170.67,65.43,48.14,1,3,1
363,6,369.07,170.67,66.92,49.42,1,3,1
364,6,370.13,170.67,68.42,50.70,1,3,1
365,6,371.20,170.67,69.91,51.98,1,3,1
366,6,372.27,170.67,71.40,53.26,1,3,1
367,6,373.55,172.16,71.40,53.05,1,3,1
368,6,374.83,173.65,71.40,52.84,1,3,1
369,6,376.11,175.15,71.40,52.62,1,3,1
370,6,377.39,176.64,71.40,52.41,1,3,1
371,6,378.67,178.13,71.40,52.20,1,3,1
372,6,379.52,178.77,72.25,52.42,1,3,1
373,6,380.37,179.41,73.11,52.63,1,3,1
374,6,381.23,180.05,73.96,52.84,1,3,1
375,6,382.08,180.69,74.81,53.06,1,3,1
376,6,382.93,181.33,75.67,53.27,1,3,1
377,6,384.43,182.19,75.66,53.90,1,3,1
378,6,385.92,183.04,75.67,54.55,1,3,1
379,6,387.41,183.89,75.67,55.19,1,3,1
380,6,388.91,184.75,75.66,55.82,1,3,1
381,6,390.40,185.60,75.67,56.47,1,3,1
382,6,392.11,186.99,76.62,57.21,1,3,1
383,6,393.81,188.37,77.59,57.96,1,3,1
384,6,395.52,189.76,78.55,58.71,1,3,1
385,6,397.23,191.15,79.50,59.45,1,3,1
386,6,398.93,192.53,80.47,60.20,1,3,1
387,6,400.64,193.92,81.43,60.95,1,3,1
388,6,402.35,195.31,82.38,61.69,1,3,1
389,6,404.05,196.69,83.35,62.44,1,3,1
390,6,405.76,198.08,84.31,63.19,1,3,1
391,6,407.47,199.47,85.26,63.93,1,3,1
392,6,408.32,200.32,85.69,63.29,1,3,1
393,6,409.17,201.17,86.12,62.66,1,3,1
394,6,410.03,202.03,86.54,62.01,1,3,1
395,6,410.88,202.88,86.97,61.37,1,3,1
396,6,411.73,203.73,87.40,60.74,1,3,1
397,6,413.23,205.23,87.82,61.80,1,3,1
398,6,414.72,206.72,88.25,62.87,1,3,1
399,6,416.21,208.21,88.68,63.94,1,3,1
400,6,417.71,209.71,89.10,65.00,1,3,1
401,6,419.20,211.20,89.53,66.07,1,3,1
402,6,420.91,211.63,89.96,67.77,1,3,1
403,6,422.61,212.05,90.39,69.48,1,3,1
404,6,424.32,212.48,90.81,71.19,1,3,1
405,6,426.03,212.91,91.24,72.89,1,3,1
406,6,427.73,213.33,91.67,74.60,1,3,1
406,7,862.93,198.40,98.07,60.73,1,3,1
407,6,429.23,214.83,91.45,73.96,1,3,1
407,7,849.49,194.99,111.51,61.37,1,3,1
408,6,430.72,216.32,91.24,73.32,1,3,1
408,7,836.05,191.57,124.95,62.02,1,3,1
409,6,432.21,217.81,91.03,72.68,1,3,1
409,7,822.61,188.16,138.39,62.65,1,3,1
410,6,433.71,219.31,90.81,72.04,1,3,1
410,7,809.17,184.75,151.83,63.29,1,3,1
411,6,435.20,220.80,90.60,71.40,1,3,1
411,7,795.73,181.33,165.27,63.94,1,3,1
411,8,218.67,101.33,23.40,20.20,1,3,1
412,6,436.48,221.87,91.67,73.74,1,3,1
412,7,785.71,178.99,149.90,62.86,1,3,1
412,8,218.88,101.55,24.04,20.20,1,3,1
413,6,437.76,222.93,92.73,76.10,1,3,1
413,7,775.68,176.64,145.21,61.80,1,3,1
413,8,219.09,101.76,24.68,20.20,1,3,1
414,6,439.04,224.00,93.80,78.44,1,3,1
414,7,765.65,174.29,140.52,60.74,1,3,1
414,8,219.31,101.97,25.32,20.20,1,3,1
415,6,440.32,225.07,94.87,80.78,1,3,1
415,7,755.63,171.95,135.82,59.66,1,3,1
415,8,219.52,102.19,25.96,20.20,1,3,1
416,6,441.60,226.13,95.93,83.14,1,3,1
416,7,745.60,169.60,131.13,58.60,1,3,1
416,8,219.73,102.40,26.60,20.20,1,3,1
417,6,442.45,227.63,95.94,82.49,1,3,1
417,7,736.00,168.32,127.72,57.53,1,3,1
417,8,220.16,102.61,26.81,20.42,1,3,1
418,6,443.31,229.12,95.93,81.85,1,3,1
418,7,726.40,167.04,124.31,56.47,1,3,1
418,8,220.59,102.83,27.02,20.62,1,3,1
419,6,444.16,230.61,95.93,81.22,1,3,1
419,7,716.80,165.76,120.89,55.40,1,3,1
419,8,221.01,103.04,27.24,20.84,1,3,1
420,6,445.01,232.11,95.94,80.57,1,3,1
420,7,707.20,164.48,117.48,54.33,1,3,1
420,8,221.44,103.25,27.45,21.06,1,3,1
421,6,445.87,233.60,95.93,79.93,1,3,1
421,7,697.60,163.20,114.07,53.27,1,3,1
421,8,221.87,103.47,27.66,21.26,1,3,1
422,6,446.51,234.88,96.14,80.15,1,3,1
422,7,688.00,161.07,112.36,52.41,1,3,1
422,8,222.29,104.11,28.10,20.84,1,3,1
423,6,447.15,236.16,96.36,80.36,1,3,1
423,7,678.40,158.93,110.65,51.56,1,3,1
423,8,222.72,104.75,28.52,20.41,1,3,1
424,6,447.79,237.44,96.57,80.57,1,3,1
424,7,668.80,156.80,108.95,50.71,1,3,1
424,8,223.15,105.39,28.94,19.98,1,3,1
425,6,448.43,238.72,96.78,80.79,1,3,1
425,7,659.20,154.67,107.24,49.85,1,3,1
425,8,223.57,106.03,29.38,19.56,1,3,1
426,6,449.07,240.00,97.00,81.00,1,3,1
426,7,649.60,152.53,105.53,49.00,1,3,1
426,8,224.00,106.67,29.80,19.13,1,3,1
427,6,450.35,241.49,96.36,82.28,1,3,1
427,7,642.13,151.68,103.19,47.93,1,3,1
427,8,224.64,107.31,29.80,18.70,1,3,1
428,6,451.63,242.99,95.72,83.56,1,3,1
428,7,634.67,150.83,100.84,46.86,1,3,1
428,8,225.28,107.95,29.80,18.28,1,3,1
429,6,452.91,244.48,95.08,84.84,1,3,1
429,7,627.20,149.97,98.49,45.80,1,3,1
429,8,225.92,108.59,29.80,17.85,1,3,1
430,6,454.19,245.97,94.44,86.12,1,3,1
430,7,619.73,149.12,96.15,44.73,1,3,1
430,8,226.56,109.23,29.80,17.42,1,3,1
431,6,455.47,247.47,93.80,87.40,1,3,1
431,7,612.27,148.27,93.80,43.66,1,3,1
431,8,227.20,109.87,29.80,17.00,1,3,1
432,6,456.53,247.68,93.59,89.53,1,3,1
432,7,605.65,146.77,92.31,43.03,1,3,1
432,8,228.05,109.65,28.95,17.43,1,3,1
433,6,457.60,247.89,93.37,91.67,1,3,1
433,7,599.04,145.28,90.81,42.39,1,3,1
433,8,228.91,109.44,28.09,17.85,1,3,1
434,6,458.67,248.11,93.16,93.80,1,3,1
434,7,592.43,143.79,89.32,41.74,1,3,1
434,8,229.76,109.23,27.24,18.28,1,3,1
435,6,459.73,248.32,92.95,95.93,1,3,1
435,7,585.81,142.29,87.83,41.11,1,3,1
435,8,230.61,109.01,26.39,18.71,1,3,1
436,6,460.80,248.53,92.73,98.07,1,3,1
436,7,579.20,140.80,86.33,40.47,1,3,1
436,8,231.47,108.80,25.53,19.13,1,3,1
437,6,460.59,250.88,92.94,98.28,1,3,1
437,7,573.44,139.73,83.99,40.26,1,3,1
437,8,232.11,109.01,25.74,18.71,1,3,1
438,6,460.37,253.23,93.16,98.49,1,3,1
438,7,567.68,138.67,81.64,40.04,1,3,1
438,8,232.75,109.23,25.96,18.28,1,3,1
439,6,460.16,255.57,93.37,98.71,1,3,1
439,7,561.92,137.60,79.29,39.83,1,3,1
439,8,233.39,109.44,26.17,17.85,1,3,1
440,6,459.95,257.92,93.58,98.92,1,3,1
440,7,556.16,136.53,76.95,39.62,1,3,1
440,8,234.03,109.65,26.38,17.43,1,3,1
441,6,459.73,260.27,93.80,99.13,1,3,1
441,7,550.40,135.47,74.60,39.40,1,3,1
441,8,234.67,109.87,26.60,17.00,1,3,1
442,6,458.88,262.19,95.08,100.41,1,3,1
442,7,545.28,134.19,72.47,39.18,1,3,1
442,8,235.09,110.29,26.60,17.00,1,3,1
443,6,458.03,264.11,96.36,101.69,1,3,1
443,7,540.16,132.91,70.33,38.97,1,3,1
443,8,235.52,110.72,26.60,17.00,1,3,1
444,6,457.17,266.03,97.64,102.97,1,3,1
444,7,535.04,131.63,68.20,38.76,1,3,1
444,8,235.95,111.15,26.60,17.00,1,3,1
445,6,456.32,267.95,98.92,104.25,1,3,1
445,7,529.92,130.35,66.07,38.54,1,3,1
445,8,236.37,111.57,26.60,17.00,1,3,1
446,6,455.47,269.87,100.20,105.53,1,3,1
446,7,524.80,129.07,63.93,38.33,1,3,1
446,8,236.80,112.00,26.60,17.00,1,3,1
447,6,456.32,272.21,98.28,105.32,1,3,1
447,7,520.11,128.43,63.72,37.48,1,3,1
447,8,237.44,111.36,27.24,17.43,1,3,1
448,6,457.17,274.56,96.36,105.11,1,3,1
448,7,515.41,127.79,63.51,36.62,1,3,1
448,8,238.08,110.72,27.88,17.85,1,3,1
449,6,458.03,276.91,94.44,104.89,1,3,1
449,7,510.72,127.15,63.29,35.77,1,3,1
449,8,238.72,110.08,28.52,18.28,1,3,1
450,6,458.88,279.25,92.52,104.68,1,3,1
450,7,506.03,126.51,63.08,34.92,1,3,1
450,8,239.36,109.44,29.16,18.71,1,3,1
451,6,459.73,281.60,90.60,104.47,1,3,1
451,7,501.33,125.87,62.87,34.06,1,3,1
451,8,240.00,108.80,29.80,19.13,1,3,1
452,6,459.31,283.09,91.45,108.10,1,3,1
452,7,496.43,125.23,61.58,33.42,1,3,1
452,8,240.43,109.87,29.58,19.13,1,3,1
453,6,458.88,284.59,92.31,111.72,1,3,1
453,7,491.52,124.59,60.31,32.78,1,3,1
453,8,240.85,110.93,29.38,19.14,1,3,1
454,6,458.45,286.08,93.16,115.35,1,3,1
454,7,486.61,123.95,59.03,32.14,1,3,1
454,8,241.28,112.00,29.16,19.13,1,3,1
455,6,458.03,287.57,94.01,118.98,1,3,1
455,7,481.71,123.31,57.74,31.50,1,3,1
455,8,241.71,113.07,28.94,19.13,1,3,1
456,6,457.60,289.07,94.87,122.60,1,3,1
456,7,476.80,122.67,56.47,30.86,1,3,1
456,8,242.13,114.13,28.74,19.14,1,3,1
456,9,206.93,104.53,22.34,18.07,1,3,1
457,6,456.96,291.41,95.08,124.10,1,3,1
457,7,473.39,122.24,55.61,30.87,1,3,1
457,8,242.77,114.35,28.74,19.13,1,3,1
457,9,206.93,103.47,22.98,18.06,1,3,1
458,6,456.32,293.76,95.29,125.59,1,3,1
458,7,469.97,121.81,54.76,30.87,1,3,1
458,8,243.41,114.56,28.74,19.13,1,3,1
458,9,206.93,102.40,23.62,18.07,1,3,1
459,6,455.68,296.11,95.51,127.08,1,3,1
459,7,466.56,121.39,53.91,30.86,1,3,1
459,8,244.05,114.77,28.74,19.14,1,3,1
459,9,206.93,101.33,24.26,18.07,1,3,1
460,6,455.04,298.45,95.72,128.58,1,3,1
460,7,463.15,120.96,53.05,30.87,1,3,1
460,8,244.69,114.99,28.74,19.13,1,3,1
460,9,206.93,100.27,24.90,18.06,1,3,1
461,6,454.40,300.80,95.93,130.07,1,3,1
461,7,459.73,120.53,52.20,30.87,1,3,1
461,8,245.33,115.20,28.74,19.13,1,3,1
461,9,206.93,99.20,25.54,18.07,1,3,1
462,6,453.33,302.51,97.43,132.62,1,3,1
462,7,456.53,119.89,51.56,30.23,1,3,1
462,8,246.19,115.63,28.94,18.70,1,3,1
462,9,208.21,99.63,24.68,17.42,1,3,1
463,6,452.27,304.21,98.92,135.19,1,3,1
463,7,453.33,119.25,50.92,29.59,1,3,1
463,8,247.04,116.05,29.16,18.28,1,3,1
463,9,209.49,100.05,23.83,16.79,1,3,1
464,6,451.20,305.92,100.41,137.75,1,3,1
464,7,450.13,118.61,50.28,28.95,1,3,1
464,8,247.89,116.48,29.38,17.85,1,3,1
464,9,210.77,100.48,22.98,16.15,1,3,1
465,6,450.13,307.63,101.91,140.30,1,3,1
465,7,446.93,117.97,49.64,28.31,1,3,1
465,8,248.75,116.91,29.58,17.42,1,3,1
465,9,212.05,100.91,22.12,15.50,1,3,1
466,6,449.07,309.33,103.40,142.87,1,3,1
466,7,443.73,117.33,49.00,27.67,1,3,1
466,8,249.60,117.33,29.80,17.00,1,3,1
466,9,213.33,101.33,21.27,14.87,1,3,1
467,6,446.72,312.32,105.32,145.64,1,3,1
467,7,440.53,116.69,48.58,27.88,1,3,1
467,8,250.03,117.33,30.22,18.28,1,3,1
467,9,212.27,102.61,21.26,14.87,1,3,1
468,6,444.37,315.31,107.24,148.41,1,3,1
468,7,437.33,116.05,48.15,28.10,1,3,1
468,8,250.45,117.33,30.66,19.56,1,3,1
468,9,211.20,103.89,21.27,14.87,1,3,1
469,6,442.03,318.29,109.16,151.19,1,3,1
469,7,434.13,115.41,47.72,28.31,1,3,1
469,8,250.88,117.33,31.08,20.84,1,3,1
469,9,210.13,105.17,21.27,14.87,1,3,1
470,6,439.68,321.28,111.08,153.96,1,3,1
470,7,430.93,114.77,47.30,28.52,1,3,1
470,8,251.31,117.33,31.50,22.12,1,3,1
470,9,209.07,106.45,21.26,14.87,1,3,1
471,6,437.33,324.27,113.00,156.73,1,3,1
471,7,427.73,114.13,46.87,28.74,1,3,1
471,8,251.73,117.33,31.94,23.40,1,3,1
471,9,208.00,107.73,21.27,14.87,1,3,1
472,6,435.41,325.76,115.56,161.00,1,3,1
472,7,424.75,113.71,46.01,28.09,1,3,1
472,8,252.80,118.19,31.51,22.76,1,3,1
472,9,209.28,106.88,21.91,14.87,1,3,1
473,6,433.49,327.25,118.12,165.27,1,3,1
473,7,421.76,113.28,45.16,27.45,1,3,1
473,8,253.87,119.04,31.08,22.12,1,3,1
473,9,210.56,106.03,22.55,14.86,1,3,1
474,6,431.57,328.75,120.68,169.53,1,3,1
474,7,418.77,112.85,44.31,26.82,1,3,1
474,8,254.93,119.89,30.66,21.48,1,3,1
474,9,211.84,105.17,23.19,14.87,1,3,1
475,6,429.65,330.24,123.24,173.80,1,3,1
475,7,415.79,112.43,43.45,26.17,1,3,1
475,8,256.00,120.75,30.23,20.84,1,3,1
475,9,213.12,104.32,23.83,14.87,1,3,1
476,6,427.73,331.73,125.80,178.07,1,3,1
476,7,412.80,112.00,42.60,25.53,1,3,1
476,8,257.07,121.60,29.80,20.20,1,3,1
476,9,214.40,103.47,24.47,14.86,1,3,1
477,6,427.31,335.57,127.50,179.56,1,3,1
477,7,409.81,111.57,42.39,25.54,1,3,1
477,8,257.71,122.03,29.80,20.20,1,3,1
477,9,215.25,103.47,24.47,15.72,1,3,1
478,6,426.88,339.41,129.21,181.06,1,3,1
478,7,406.83,111.15,42.17,25.53,1,3,1
478,8,258.35,122.45,29.80,20.20,1,3,1
478,9,216.11,103.47,24.46,16.57,1,3,1
479,6,426.45,343.25,130.92,182.55,1,3,1
479,7,403.84,110.72,41.96,25.53,1,3,1
479,8,258.99,122.88,29.80,20.20,1,3,1
479,9,216.96,103.47,24.47,17.42,1,3,1
480,6,426.03,347.09,132.62,184.04,1,3,1
480,7,400.85,110.29,41.75,25.54,1,3,1
480,8,259.63,123.31,29.80,20.20,1,3,1
480,9,217.81,103.47,24.47,18.28,1,3,1
481,6,425.60,350.93,134.33,190.07,1,3,1
481,7,397.87,109.87,41.53,25.53,1,3,1
481,8,260.27,123.73,29.80,20.20,1,3,1
481,9,218.67,103.47,24.46,19.13,1,3,1
482,6,426.88,353.92,134.55,187.08,1,3,1
482,7,395.31,110.08,41.53,25.11,1,3,1
482,8,260.48,123.95,30.87,20.84,1,3,1
482,9,219.31,103.89,23.82,18.50,1,3,1
483,6,428.16,356.91,134.76,184.09,1,3,1
483,7,392.75,110.29,41.53,24.68,1,3,1
483,8,260.69,124.16,31.94,21.48,1,3,1
483,9,219.95,104.32,23.18,17.85,1,3,1
484,6,429.44,359.89,134.97,181.11,1,3,1
484,7,390.19,110.51,41.53,24.25,1,3,1
484,8,260.91,124.37,33.00,22.12,1,3,1
484,9,220.59,104.75,22.54,17.21,1,3,1
485,6,430.72,362.88,135.19,178.12,1,3,1
485,7,387.63,110.72,41.53,23.83,1,3,1
485,8,261.12,124.59,34.07,22.76,1,3,1
485,9,221.23,105.17,21.90,16.58,1,3,1
486,6,432.00,365.87,135.40,175.13,1,3,1
486,7,385.07,110.93,41.53,23.40,1,3,1
486,8,261.33,124.80,35.14,23.40,1,3,1
486,9,221.87,105.60,21.26,15.93,1,3,1
487,6,432.85,368.85,137.11,172.15,1,3,1
487,7,383.15,110.72,40.46,22.97,1,3,1
487,8,262.40,125.01,35.13,23.19,1,3,1
487,9,222.08,105.81,21.48,15.94,1,3,1
488,6,433.71,371.84,138.81,169.16,1,3,1
488,7,381.23,110.51,39.40,22.54,1,3,1
488,8,263.47,125.23,35.13,22.97,1,3,1
488,9,222.29,106.03,21.70,15.93,1,3,1
489,6,434.56,374.83,140.52,166.17,1,3,1
489,7,379.31,110.29,38.33,22.12,1,3,1
489,8,264.53,125.44,35.14,22.76,1,3,1
489,9,222.51,106.24,21.90,15.93,1,3,1
490,6,435.41,377.81,142.23,163.19,1,3,1
490,7,377.39,110.08,37.26,21.69,1,3,1
490,8,265.60,125.65,35.13,22.55,1,3,1
490,9,222.72,106.45,22.12,15.94,1,3,1
491,6,436.27,380.80,143.93,160.20,1,3,1
491,7,375.47,109.87,36.20,21.26,1,3,1
491,8,266.67,125.87,35.13,22.33,1,3,1
491,9,222.93,106.67,22.34,15.93,1,3,1
492,6,438.83,385.28,142.65,155.72,1,3,1
492,7,373.55,108.80,35.77,21.69,1,3,1
492,8,267.31,126.51,34.92,22.33,1,3,1
492,9,223.79,107.31,22.76,15.50,1,3,1
493,6,441.39,389.76,141.37,151.24,1,3,1
493,7,371.63,107.73,35.34,22.12,1,3,1
493,8,267.95,127.15,34.70,22.33,1,3,1
493,9,224.64,107.95,23.19,15.08,1,3,1
494,6,443.95,394.24,140.09,146.76,1,3,1
494,7,369.71,106.67,34.92,22.54,1,3,1
494,8,268.59,127.79,34.49,22.33,1,3,1
494,9,225.49,108.59,23.62,14.65,1,3,1
495,6,446.51,398.72,138.81,142.28,1,3,1
495,7,367.79,105.60,34.49,22.97,1,3,1
495,8,269.23,128.43,34.28,22.33,1,3,1
495,9,226.35,109.23,24.04,14.22,1,3,1
496,6,449.07,403.20,137.53,137.80,1,3,1
496,7,365.87,104.53,34.06,23.40,1,3,1
496,8,269.87,129.07,34.06,22.33,1,3,1
496,9,227.20,109.87,24.47,13.80,1,3,1
497,6,446.29,406.83,143.72,134.17,1,3,1
497,7,363.31,104.11,34.28,23.61,1,3,1
497,8,270.51,129.07,34.06,23.18,1,3,1
497,9,227.41,109.65,24.68,14.44,1,3,1
498,6,443.52,410.45,149.91,130.55,1,3,1
498,7,360.75,103.68,34.49,23.83,1,3,1
498,8,271.15,129.07,34.06,24.04,1,3,1
498,9,227.63,109.44,24.89,15.08,1,3,1
499,6,440.75,414.08,156.09,126.92,1,3,1
499,7,358.19,103.25,34.70,24.04,1,3,1
499,8,271.79,129.07,34.06,24.89,1,3,1
499,9,227.84,109.23,25.11,15.72,1,3,1
500,6,437.97,417.71,162.28,123.29,1,3,1
500,7,355.63,102.83,34.92,24.25,1,3,1
500,8,272.43,129.07,34.06,25.74,1,3,1
500,9,228.05,109.01,25.32,16.36,1,3,1
501,6,435.20,421.33,168.47,119.67,1,3,1
501,7,353.07,102.40,35.13,24.47,1,3,1
501,8,273.07,129.07,34.06,26.60,1,3,1
501,9,228.27,108.80,25.53,17.00,1,3,1
502,6,437.97,425.60,168.04,115.40,1,3,1
502,7,351.36,101.97,34.71,24.47,1,3,1
502,8,274.13,129.28,34.28,26.39,1,3,1
502,9,228.69,108.59,25.96,17.64,1,3,1
503,6,440.75,429.87,167.61,111.13,1,3,1
503,7,349.65,101.55,34.28,24.46,1,3,1
503,8,275.20,129.49,34.49,26.18,1,3,1
503,9,229.12,108.37,26.39,18.28,1,3,1
504,6,443.52,434.13,167.19,106.87,1,3,1
504,7,347.95,101.12,33.85,24.47,1,3,1
504,8,276.27,129.71,34.70,25.96,1,3,1
504,9,229.55,108.16,26.81,18.92,1,3,1
505,6,446.29,438.40,166.76,102.60,1,3,1
505,7,346.24,100.69,33.43,24.47,1,3,1
505,8,277.33,129.92,34.92,25.75,1,3,1
505,9,229.97,107.95,27.24,19.56,1,3,1
506,6,449.07,442.67,166.33,98.33,1,3,1
506,7,344.53,100.27,33.00,24.46,1,3,1
506,8,278.40,130.13,35.13,25.54,1,3,1
506,9,230.40,107.73,27.67,20.20,1,3,1
507,6,451.20,448.21,163.77,92.79,1,3,1
507,7,343.25,100.27,32.36,24.04,1,3,1
507,8,278.83,130.77,35.77,25.54,1,3,1
507,9,230.83,107.95,28.09,20.20,1,3,1
508,6,453.33,453.76,161.22,87.24,1,3,1
508,7,341.97,100.27,31.72,23.61,1,3,1
508,8,279.25,131.41,36.42,25.54,1,3,1
508,9,231.25,108.16,28.52,20.20,1,3,1
509,6,455.47,459.31,158.65,81.69,1,3,1
509,7,340.69,100.27,31.08,23.18,1,3,1
509,8,279.68,132.05,37.05,25.54,1,3,1
509,9,231.68,108.37,28.95,20.20,1,3,1
510,6,457.60,464.85,156.09,76.15,1,3,1
510,7,339.41,100.27,30.44,22.76,1,3,1
510,8,280.11,132.69,37.69,25.54,1,3,1
510,9,232.11,108.59,29.37,20.20,1,3,1
511,6,459.73,470.40,153.54,70.60,1,3,1
511,7,338.13,100.27,29.80,22.33,1,3,1
511,8,280.53,133.33,38.34,25.54,1,3,1
511,9,232.53,108.80,29.80,20.20,1,3,1
511,10,912.00,205.87,49.00,45.80,1,3,1
512,6,463.79,476.80,148.84,64.20,1,3,1
512,7,336.21,100.05,29.80,22.12,1,3,1
512,8,281.17,134.19,39.19,25.53,1,3,1
512,9,233.39,109.01,29.37,20.42,1,3,1
512,10,897.71,202.45,63.29,49.22,1,3,1
513,6,467.84,483.20,144.15,57.80,1,3,1
513,7,334.29,99.84,29.80,21.91,1,3,1
513,8,281.81,135.04,40.04,25.53,1,3,1
513,9,234.24,109.23,28.95,20.62,1,3,1
513,10,883.41,199.04,77.59,52.63,1,3,1
514,6,471.89,489.60,139.46,51.40,1,3,1
514,7,332.37,99.63,29.80,21.69,1,3,1
514,8,282.45,135.89,40.90,25.54,1,3,1
514,9,235.09,109.44,28.52,20.84,1,3,1
514,10,869.12,195.63,91.88,56.04,1,3,1
515,6,475.95,496.00,134.76,45.00,1,3,1
515,7,330.45,99.41,29.80,21.48,1,3,1
515,8,283.09,136.75,41.75,25.53,1,3,1
515,9,235.95,109.65,28.09,21.06,1,3,1
515,10,854.83,192.21,106.17,59.46,1,3,1
516,6,480.00,502.40,130.07,38.60,1,3,1
516,7,328.53,99.20,29.80,21.27,1,3,1
516,8,283.73,137.60,42.60,25.53,1,3,1
516,9,236.80,109.87,27.67,21.26,1,3,1
516,10,840.53,188.80,120.47,62.87,1,3,1
517,7,327.04,98.77,30.44,21.27,1,3,1
517,8,285.01,137.81,41.96,25.32,1,3,1
517,9,237.65,109.87,27.24,21.05,1,3,1
517,10,829.44,186.88,115.77,61.16,1,3,1
518,7,325.55,98.35,31.08,21.26,1,3,1
518,8,286.29,138.03,41.32,25.10,1,3,1
518,9,238.51,109.87,26.81,20.84,1,3,1
518,10,818.35,184.96,117.48,59.45,1,3,1
519,7,324.05,97.92,31.72,21.27,1,3,1
519,8,287.57,138.24,40.68,24.89,1,3,1
519,9,239.36,109.87,26.39,20.62,1,3,1
519,10,807.25,183.04,119.19,57.75,1,3,1
520,7,322.56,97.49,32.36,21.27,1,3,1
520,8,288.85,138.45,40.04,24.68,1,3,1
520,9,240.21,109.87,25.96,20.41,1,3,1
520,10,796.16,181.12,120.89,56.04,1,3,1
521,7,321.07,97.07,33.00,21.26,1,3,1
521,8,290.13,138.67,39.40,24.46,1,3,1
521,9,241.07,109.87,25.53,20.20,1,3,1
521,10,785.07,179.20,122.60,54.33,1,3,1
522,7,320.43,97.49,31.72,20.20,1,3,1
522,8,291.20,139.09,40.04,25.11,1,3,1
522,9,242.13,110.72,25.75,19.77,1,3,1
522,10,773.97,177.28,121.75,53.91,1,3,1
523,7,319.79,97.92,30.44,19.13,1,3,1
523,8,292.27,139.52,40.68,25.75,1,3,1
523,9,243.20,111.57,25.96,19.35,1,3,1
523,10,762.88,175.36,120.89,53.48,1,3,1
524,7,319.15,98.35,29.16,18.06,1,3,1
524,8,293.33,139.95,41.32,26.38,1,3,1
524,9,244.27,112.43,26.17,18.92,1,3,1
524,10,751.79,173.44,120.04,53.05,1,3,1
525,7,318.51,98.77,27.88,17.00,1,3,1
525,8,294.40,140.37,41.96,27.03,1,3,1
525,9,245.33,113.28,26.39,18.49,1,3,1
525,10,740.69,171.52,119.19,52.63,1,3,1
526,7,317.87,99.20,26.60,15.93,1,3,1
526,8,295.47,140.80,42.60,27.67,1,3,1
526,9,246.40,114.13,26.60,18.07,1,3,1
526,10,729.60,169.60,118.33,52.20,1,3,1
527,7,316.16,98.13,27.03,16.58,1,3,1
527,8,297.60,141.65,41.75,27.46,1,3,1
527,9,246.83,114.35,27.02,18.28,1,3,1
527,10,721.28,167.89,114.92,50.71,1,3,1
528,7,314.45,97.07,27.46,17.21,1,3,1
528,8,299.73,142.51,40.90,27.24,1,3,1
528,9,247.25,114.56,27.46,18.49,1,3,1
528,10,712.96,166.19,111.51,49.21,1,3,1
529,7,312.75,96.00,27.88,17.85,1,3,1
529,8,301.87,143.36,40.04,27.03,1,3,1
529,9,247.68,114.77,27.88,18.71,1,3,1
529,10,704.64,164.48,108.09,47.72,1,3,1
530,7,311.04,94.93,28.31,18.50,1,3,1
530,8,304.00,144.21,39.19,26.82,1,3,1
530,9,248.11,114.99,28.30,18.92,1,3,1
530,10,696.32,162.77,104.68,46.23,1,3,1
531,7,309.33,93.87,28.74,19.13,1,3,1
531,8,306.13,145.07,38.34,26.60,1,3,1
531,9,248.53,115.20,28.74,19.13,1,3,1
531,10,688.00,161.07,101.27,44.73,1,3,1
532,7,308.69,93.87,28.31,19.13,1,3,1
532,8,306.35,144.85,38.97,27.46,1,3,1
532,9,249.39,115.41,28.73,19.35,1,3,1
532,10,680.32,159.57,99.13,44.10,1,3,1
533,7,308.05,93.87,27.88,19.13,1,3,1
533,8,306.56,144.64,39.61,28.31,1,3,1
533,9,250.24,115.63,28.73,19.56,1,3,1
533,10,672.64,158.08,97.00,43.45,1,3,1
534,7,307.41,93.87,27.46,19.13,1,3,1
534,8,306.77,144.43,40.26,29.16,1,3,1
534,9,251.09,115.84,28.74,19.77,1,3,1
534,10,664.96,156.59,94.87,42.81,1,3,1
535,7,306.77,93.87,27.03,19.13,1,3,1
535,8,306.99,144.21,40.89,30.02,1,3,1
535,9,251.95,116.05,28.73,19.99,1,3,1
535,10,657.28,155.09,92.73,42.18,1,3,1
536,7,306.13,93.87,26.60,19.13,1,3,1
536,8,307.20,144.00,41.53,30.87,1,3,1
536,9,252.80,116.27,28.73,20.20,1,3,1
536,10,649.60,153.60,90.60,41.53,1,3,1
537,7,305.07,94.29,25.74,18.71,1,3,1
537,8,307.63,144.85,43.24,30.87,1,3,1
537,9,253.65,117.12,29.16,20.20,1,3,1
537,10,643.20,152.11,88.68,41.10,1,3,1
538,7,304.00,94.72,24.89,18.28,1,3,1
538,8,308.05,145.71,44.95,30.86,1,3,1
538,9,254.51,117.97,29.58,20.20,1,3,1
538,10,636.80,150.61,86.76,40.68,1,3,1
539,7,302.93,95.15,24.04,17.85,1,3,1
539,8,308.48,146.56,46.65,30.87,1,3,1
539,9,255.36,118.83,30.01,20.20,1,3,1
539,10,630.40,149.12,84.84,40.25,1,3,1
540,7,301.87,95.57,23.18,17.43,1,3,1
540,8,308.91,147.41,48.36,30.87,1,3,1
540,9,256.21,119.68,30.44,20.20,1,3,1
540,10,624.00,147.63,82.92,39.82,1,3,1
541,7,300.80,96.00,22.33,17.00,1,3,1
541,8,309.33,148.27,50.07,30.86,1,3,1
541,9,257.07,120.53,30.86,20.20,1,3,1
541,10,617.60,146.13,81.00,39.40,1,3,1
542,7,299.52,96.64,22.12,16.36,1,3,1
542,8,311.04,148.69,49.21,31.08,1,3,1
542,9,257.71,120.75,31.08,20.20,1,3,1
542,10,611.84,145.49,79.29,39.40,1,3,1
543,7,298.24,97.28,21.91,15.72,1,3,1
543,8,312.75,149.12,48.36,31.29,1,3,1
543,9,258.35,120.96,31.29,20.20,1,3,1
543,10,606.08,144.85,77.59,39.40,1,3,1
544,7,296.96,97.92,21.69,15.08,1,3,1
544,8,314.45,149.55,47.51,31.50,1,3,1
544,9,258.99,121.17,31.50,20.20,1,3,1
544,10,600.32,144.21,75.88,39.40,1,3,1
545,7,295.68,98.56,21.48,14.44,1,3,1
545,8,316.16,149.97,46.65,31.72,1,3,1
545,9,259.63,121.39,31.72,20.20,1,3,1
545,10,594.56,143.57,74.17,39.40,1,3,1
546,7,294.40,99.20,21.27,13.80,1,3,1
546,8,317.87,150.40,45.80,31.93,1,3,1
546,9,260.27,121.60,31.93,20.20,1,3,1
546,10,588.80,142.93,72.47,39.40,1,3,1
547,7,293.55,98.56,21.69,14.01,1,3,1
547,8,318.72,151.25,46.65,32.36,1,3,1
547,9,261.55,121.39,31.93,20.84,1,3,1
547,10,583.68,142.29,71.61,39.19,1,3,1
548,7,292.69,97.92,22.12,14.23,1,3,1
548,8,319.57,152.11,47.51,32.78,1,3,1
548,9,262.83,121.17,31.93,21.48,1,3,1
548,10,578.56,141.65,70.76,38.98,1,3,1
549,7,291.84,97.28,22.55,14.44,1,3,1
549,8,320.43,152.96,48.36,33.21,1,3,1
549,9,264.11,120.96,31.93,22.12,1,3,1
549,10,573.44,141.01,69.91,38.76,1,3,1
550,7,290.99,96.64,22.97,14.65,1,3,1
550,8,321.28,153.81,49.21,33.64,1,3,1
550,9,265.39,120.75,31.93,22.76,1,3,1
550,10,568.32,140.37,69.05,38.55,1,3,1
551,7,290.13,96.00,23.40,14.87,1,3,1
551,8,322.13,154.67,50.07,34.06,1,3,1
551,9,266.67,120.53,31.93,23.40,1,3,1
551,10,563.20,139.73,68.20,38.34,1,3,1
551,11,214.40,103.47,20.20,17.00,1,3,1
552,7,289.07,95.79,22.97,14.86,1,3,1
552,8,323.41,155.31,50.28,34.70,1,3,1
552,9,267.31,121.39,32.36,23.40,1,3,1
552,10,558.29,139.09,67.14,37.48,1,3,1
552,11,213.76,104.32,21.69,17.21,1,3,1
553,7,288.00,95.57,22.55,14.87,1,3,1
553,8,324.69,155.95,50.50,35.34,1,3,1
553,9,267.95,122.24,32.78,23.40,1,3,1
553,10,553.39,138.45,66.06,36.63,1,3,1
553,11,213.12,105.17,23.19,17.43,1,3,1
554,7,286.93,95.36,22.12,14.87,1,3,1
554,8,325.97,156.59,50.71,35.98,1,3,1
554,9,268.59,123.09,33.21,23.40,1,3,1
554,10,548.48,137.81,65.00,35.78,1,3,1
554,11,212.48,106.03,24.68,17.64,1,3,1
555,7,285.87,95.15,21.69,14.86,1,3,1
555,8,327.25,157.23,50.92,36.62,1,3,1
555,9,269.23,123.95,33.64,23.40,1,3,1
555,10,543.57,137.17,63.94,34.92,1,3,1
555,11,211.84,106.88,26.17,17.85,1,3,1
556,7,284.80,94.93,21.27,14.87,1,3,1
556,8,328.53,157.87,51.14,37.26,1,3,1
556,9,269.87,124.80,34.06,23.40,1,3,1
556,10,538.67,136.53,62.86,34.07,1,3,1
556,11,211.20,107.73,27.67,18.07,1,3,1
557,7,285.01,94.08,20.63,15.08,1,3,1
557,8,330.24,158.51,51.35,37.05,1,3,1
557,9,270.72,124.80,33.43,23.83,1,3,1
557,10,534.40,135.25,62.23,33.86,1,3,1
557,11,212.05,107.95,27.24,17.85,1,3,1
558,7,285.23,93.23,19.98,15.29,1,3,1
558,8,331.95,159.15,51.56,36.84,1,3,1
558,9,271.57,124.80,32.79,24.25,1,3,1
558,10,530.13,133.97,61.59,33.64,1,3,1
558,11,212.91,108.16,26.81,17.64,1,3,1
559,7,285.44,92.37,19.35,15.51,1,3,1
559,8,333.65,159.79,51.78,36.62,1,3,1
559,9,272.43,124.80,32.14,24.68,1,3,1
559,10,525.87,132.69,60.94,33.43,1,3,1
559,11,213.76,108.37,26.39,17.43,1,3,1
560,7,285.65,91.52,18.71,15.72,1,3,1
560,8,335.36,160.43,51.99,36.41,1,3,1
560,9,273.28,124.80,31.51,25.11,1,3,1
560,10,521.60,131.41,60.31,33.22,1,3,1
560,11,214.61,108.59,25.96,17.21,1,3,1
561,7,285.87,90.67,18.06,15.93,1,3,1
561,8,337.07,161.07,52.20,36.20,1,3,1
561,9,274.13,124.80,30.87,25.53,1,3,1
561,10,517.33,130.13,59.67,33.00,1,3,1
561,11,215.47,108.80,25.53,17.00,1,3,1
561,12,221.87,98.13,20.20,14.87,1,3,1
562,7,285.01,90.45,18.28,16.36,1,3,1
562,8,338.13,161.07,53.06,37.26,1,3,1
562,9,275.63,125.01,32.14,25.96,1,3,1
562,10,513.71,129.71,58.60,32.36,1,3,1
562,11,216.75,109.44,24.89,16.36,1,3,1
562,12,221.87,98.35,20.41,15.08,1,3,1
563,7,284.16,90.24,18.49,16.79,1,3,1
563,8,339.20,161.07,53.91,38.33,1,3,1
563,9,277.12,125.23,33.43,26.38,1,3,1
563,10,510.08,129.28,57.53,31.72,1,3,1
563,11,218.03,110.08,24.25,15.72,1,3,1
563,12,221.87,98.56,20.62,15.29,1,3,1
564,7,283.31,90.03,18.70,17.21,1,3,1
564,8,340.27,161.07,54.76,39.40,1,3,1
564,9,278.61,125.44,34.71,26.81,1,3,1
564,10,506.45,128.85,56.47,31.08,1,3,1
564,11,219.31,110.72,23.61,15.08,1,3,1
564,12,221.87,98.77,20.84,15.51,1,3,1
565,7,282.45,89.81,18.92,17.64,1,3,1
565,8,341.33,161.07,55.62,40.46,1,3,1
565,9,280.11,125.65,35.98,27.24,1,3,1
565,10,502.83,128.43,55.40,30.44,1,3,1
565,11,220.59,111.36,22.97,14.44,1,3,1
565,12,221.87,98.99,21.05,15.72,1,3,1
566,7,281.60,89.60,19.13,18.07,1,3,1
566,8,342.40,161.07,56.47,41.53,1,3,1
566,9,281.60,125.87,37.27,27.66,1,3,1
566,10,499.20,128.00,54.33,29.80,1,3,1
566,11,221.87,112.00,22.33,13.80,1,3,1
566,12,221.87,99.20,21.26,15.93,1,3,1
567,7,280.32,89.81,19.56,17.22,1,3,1
567,8,343.25,162.13,57.32,41.32,1,3,1
567,9,282.88,126.72,37.05,27.03,1,3,1
567,10,495.57,127.15,54.34,30.01,1,3,1
567,11,222.29,112.43,22.55,13.80,1,3,1
567,12,222.51,99.63,21.26,15.29,1,3,1
568,7,279.04,90.03,19.99,16.36,1,3,1
568,8,344.11,163.20,58.17,41.11,1,3,1
568,9,284.16,127.57,36.84,26.39,1,3,1
568,10,491.95,126.29,54.33,30.23,1,3,1
568,11,222.72,112.85,22.76,13.80,1,3,1
568,12,223.15,100.05,21.26,14.66,1,3,1
569,7,277.76,90.24,20.41,15.51,1,3,1
569,8,344.96,164.27,59.03,40.89,1,3,1
569,9,285.44,128.43,36.63,25.74,1,3,1
569,10,488.32,125.44,54.33,30.44,1,3,1
569,11,223.15,113.28,22.97,13.80,1,3,1
569,12,223.79,100.48,21.26,14.01,1,3,1
570,7,276.48,90.45,20.84,14.66,1,3,1
570,8,345.81,165.33,59.88,40.68,1,3,1
570,9,286.72,129.28,36.41,25.11,1,3,1
570,10,484.69,124.59,54.34,30.65,1,3,1
570,11,223.57,113.71,23.19,13.80,1,3,1
570,12,224.43,100.91,21.26,13.37,1,3,1
571,7,275.20,90.67,21.27,13.80,1,3,1
571,8,346.67,166.40,60.73,40.47,1,3,1
571,9,288.00,130.13,36.20,24.47,1,3,1
571,10,481.07,123.73,54.33,30.87,1,3,1
571,11,224.00,114.13,23.40,13.80,1,3,1
571,12,225.07,101.33,21.26,12.74,1,3,1
572,7,274.56,90.45,21.27,13.59,1,3,1
572,8,348.16,166.61,61.16,40.47,1,3,1
572,9,289.71,130.35,36.62,24.89,1,3,1
572,10,477.87,122.45,54.12,31.08,1,3,1
572,11,224.64,113.49,24.25,14.44,1,3,1
572,12,225.92,100.69,21.69,13.59,1,3,1
573,7,273.92,90.24,21.27,13.37,1,3,1
573,8,349.65,166.83,61.59,40.46,1,3,1
573,9,291.41,130.56,37.06,25.32,1,3,1
573,10,474.67,121.17,53.90,31.30,1,3,1
573,11,225.28,112.85,25.11,15.08,1,3,1
573,12,226.77,100.05,22.12,14.44,1,3,1
574,7,273.28,90.03,21.27,13.16,1,3,1
574,8,351.15,167.04,62.01,40.47,1,3,1
574,9,293.12,130.77,37.48,25.75,1,3,1
574,10,471.47,119.89,53.69,31.51,1,3,1
574,11,225.92,112.21,25.96,15.72,1,3,1
574,12,227.63,99.41,22.54,15.30,1,3,1
575,7,272.64,89.81,21.27,12.95,1,3,1
575,8,352.64,167.25,62.44,40.47,1,3,1
575,9,294.83,130.99,37.90,26.17,1,3,1
575,10,468.27,118.61,53.48,31.72,1,3,1
575,11,226.56,111.57,26.81,16.36,1,3,1
575,12,228.48,98.77,22.97,16.15,1,3,1
576,7,272.00,89.60,21.27,12.73,1,3,1
576,8,354.13,167.47,62.87,40.46,1,3,1
576,9,296.53,131.20,38.34,26.60,1,3,1
576,10,465.07,117.33,53.26,31.94,1,3,1
576,11,227.20,110.93,27.67,17.00,1,3,1
576,12,229.33,98.13,23.40,17.00,1,3,1
577,7,271.79,89.17,21.05,12.74,1,3,1
577,8,355.41,168.32,63.72,41.11,1,3,1
577,9,298.03,131.20,38.33,27.03,1,3,1
577,10,462.93,117.33,52.20,30.44,1,3,1
577,11,227.84,111.15,27.45,16.78,1,3,1
577,12,230.40,98.56,23.40,17.00,1,3,1
578,7,271.57,88.75,20.84,12.73,1,3,1
578,8,356.69,169.17,64.58,41.75,1,3,1
578,9,299.52,131.20,38.33,27.45,1,3,1
578,10,460.80,117.33,51.13,28.95,1,3,1
578,11,228.48,111.36,27.24,16.57,1,3,1
578,12,231.47,98.99,23.40,17.00,1,3,1
579,7,271.36,88.32,20.63,12.73,1,3,1
579,8,357.97,170.03,65.43,42.38,1,3,1
579,9,301.01,131.20,38.34,27.88,1,3,1
579,10,458.67,117.33,50.06,27.46,1,3,1
579,11,229.12,111.57,27.03,16.36,1,3,1
579,12,232.53,99.41,23.40,17.00,1,3,1
580,7,271.15,87.89,20.41,12.73,1,3,1
580,8,359.25,170.88,66.28,43.03,1,3,1
580,9,302.51,131.20,38.33,28.31,1,3,1
580,10,456.53,117.33,49.00,25.96,1,3,1
580,11,229.76,111.79,26.81,16.14,1,3,1
580,12,233.60,99.84,23.40,17.00,1,3,1
581,7,270.93,87.47,20.20,12.73,1,3,1
581,8,360.53,171.73,67.14,43.67,1,3,1
581,9,304.00,131.20,38.33,28.73,1,3,1
581,10,454.40,117.33,47.93,24.47,1,3,1
581,11,230.40,112.00,26.60,15.93,1,3,1
581,12,234.67,100.27,23.40,17.00,1,3,1
582,7,270.72,88.32,20.63,12.95,1,3,1
582,8,362.45,173.44,67.35,44.31,1,3,1
582,9,305.92,132.48,39.19,28.52,1,3,1
582,10,452.69,117.33,47.30,24.47,1,3,1
582,11,231.04,112.64,26.39,15.93,1,3,1
582,12,236.37,101.33,23.40,16.36,1,3,1
583,7,270.51,89.17,21.05,13.16,1,3,1
583,8,364.37,175.15,67.56,44.94,1,3,1
583,9,307.84,133.76,40.04,28.31,1,3,1
583,10,450.99,117.33,46.65,24.47,1,3,1
583,11,231.68,113.28,26.17,15.93,1,3,1
583,12,238.08,102.40,23.40,15.72,1,3,1
584,7,270.29,90.03,21.48,13.37,1,3,1
584,8,366.29,176.85,67.78,45.59,1,3,1
584,9,309.76,135.04,40.89,28.09,1,3,1
584,10,449.28,117.33,46.01,24.47,1,3,1
584,11,232.32,113.92,25.96,15.93,1,3,1
584,12,239.79,103.47,23.40,15.08,1,3,1
585,7,270.08,90.88,21.91,13.59,1,3,1
585,8,368.21,178.56,67.99,46.23,1,3,1
585,9,311.68,136.32,41.75,27.88,1,3,1
585,10,447.57,117.33,45.38,24.47,1,3,1
585,11,232.96,114.56,25.75,15.93,1,3,1
585,12,241.49,104.53,23.40,14.44,1,3,1
586,7,269.87,91.73,22.33,13.80,1,3,1
586,8,370.13,180.27,68.20,46.86,1,3,1
586,9,313.60,137.60,42.60,27.67,1,3,1
586,10,445.87,117.33,44.73,24.47,1,3,1
586,11,233.60,115.20,25.53,15.93,1,3,1
586,12,243.20,105.60,23.40,13.80,1,3,1
587,8,372.05,180.48,67.78,46.87,1,3,1
587,9,314.45,137.60,42.82,28.31,1,3,1
587,10,442.88,116.27,44.52,25.10,1,3,1
587,11,233.81,114.56,26.18,16.57,1,3,1
587,12,243.63,105.17,24.04,14.23,1,3,1
588,8,373.97,180.69,67.35,46.87,1,3,1
588,9,315.31,137.60,43.02,28.95,1,3,1
588,10,439.89,115.20,44.31,25.75,1,3,1
588,11,234.03,113.92,26.81,17.21,1,3,1
588,12,244.05,104.75,24.68,14.65,1,3,1
589,8,375.89,180.91,66.92,46.86,1,3,1
589,9,316.16,137.60,43.24,29.59,1,3,1
589,10,436.91,114.13,44.09,26.39,1,3,1
589,11,234.24,113.28,27.45,17.85,1,3,1
589,12,244.48,104.32,25.32,15.08,1,3,1
590,8,377.81,181.12,66.50,46.87,1,3,1
590,9,317.01,137.60,43.46,30.23,1,3,1
590,10,433.92,113.07,43.88,27.02,1,3,1
590,11,234.45,112.64,28.10,18.49,1,3,1
590,12,244.91,103.89,25.96,15.51,1,3,1
591,8,379.73,181.33,66.07,46.87,1,3,1
591,9,317.87,137.60,43.66,30.87,1,3,1
591,10,430.93,112.00,43.67,27.67,1,3,1
591,11,234.67,112.00,28.73,19.13,1,3,1
591,12,245.33,103.47,26.60,15.93,1,3,1
592,8,381.44,181.55,66.07,48.36,1,3,1
592,9,319.36,138.67,44.73,31.50,1,3,1
592,10,428.80,111.79,43.45,27.66,1,3,1
592,11,235.73,112.85,28.95,18.92,1,3,1
592,12,246.61,104.11,26.60,16.36,1,3,1
593,8,383.15,181.76,66.06,49.85,1,3,1
593,9,320.85,139.73,45.80,32.15,1,3,1
593,10,426.67,111.57,43.24,27.67,1,3,1
593,11,236.80,113.71,29.16,18.70,1,3,1
593,12,247.89,104.75,26.60,16.78,1,3,1
594,8,384.85,181.97,66.07,51.35,1,3,1
594,9,322.35,140.80,46.86,32.79,1,3,1
594,10,424.53,111.36,43.03,27.67,1,3,1
594,11,237.87,114.56,29.37,18.49,1,3,1
594,12,249.17,105.39,26.60,17.21,1,3,1
595,8,386.56,182.19,66.07,52.84,1,3,1
595,9,323.84,141.87,47.93,33.42,1,3,1
595,10,422.40,111.15,42.81,27.66,1,3,1
595,11,238.93,115.41,29.59,18.28,1,3,1
595,12,250.45,106.03,26.60,17.64,1,3,1
596,8,388.27,182.40,66.06,54.33,1,3,1
596,9,325.33,142.93,49.00,34.07,1,3,1
596,10,420.27,110.93,42.60,27.67,1,3,1
596,11,240.00,116.27,29.80,18.06,1,3,1
596,12,251.73,106.67,26.60,18.06,1,3,1
597,8,389.33,183.89,67.56,54.12,1,3,1
597,9,327.25,144.21,49.22,33.43,1,3,1
597,10,418.77,111.36,42.18,26.81,1,3,1
597,11,240.43,116.69,30.65,17.86,1,3,1
597,12,252.59,107.95,27.24,17.00,1,3,1
598,8,390.40,185.39,69.05,53.90,1,3,1
598,9,329.17,145.49,49.43,32.79,1,3,1
598,10,417.28,111.79,41.75,25.96,1,3,1
598,11,240.85,117.12,31.51,17.64,1,3,1
598,12,253.44,109.23,27.88,15.93,1,3,1
599,8,391.47,186.88,70.54,53.69,1,3,1
599,9,331.09,146.77,49.64,32.15,1,3,1
599,10,415.79,112.21,41.32,25.11,1,3,1
599,11,241.28,117.55,32.36,17.42,1,3,1
599,12,254.29,110.51,28.52,14.86,1,3,1
600,8,392.53,188.37,72.04,53.48,1,3,1
600,9,333.01,148.05,49.86,31.51,1,3,1
600,10,414.29,112.64,40.90,24.25,1,3,1
600,11,241.71,117.97,33.21,17.22,1,3,1
600,12,255.15,111.79,29.16,13.80,1,3,1
601,8,393.60,189.87,73.53,53.26,1,3,1
601,9,334.93,149.33,50.07,30.87,1,3,1
601,10,412.80,113.07,40.47,23.40,1,3,1
601,11,242.13,118.40,34.07,17.00,1,3,1
601,12,256.00,113.07,29.80,12.73,1,3,1
602,8,395.52,191.36,72.89,53.48,1,3,1
602,9,337.28,150.19,50.49,31.50,1,3,1
602,10,410.88,112.85,40.68,24.04,1,3,1
602,11,243.41,118.83,32.79,17.85,1,3,1
602,12,258.13,113.07,29.16,13.37,1,3,1
603,8,397.44,192.85,72.25,53.70,1,3,1
603,9,339.63,151.04,50.92,32.15,1,3,1
603,10,408.96,112.64,40.89,24.68,1,3,1
603,11,244.69,119.25,31.51,18.71,1,3,1
603,12,260.27,113.07,28.52,14.01,1,3,1
604,8,399.36,194.35,71.61,53.90,1,3,1
604,9,341.97,151.89,51.35,32.79,1,3,1
604,10,407.04,112.43,41.11,25.32,1,3,1
604,11,245.97,119.68,30.23,19.56,1,3,1
604,12,262.40,113.07,27.88,14.65,1,3,1
605,8,401.28,195.84,70.97,54.12,1,3,1
605,9,344.32,152.75,51.77,33.42,1,3,1
605,10,405.12,112.21,41.32,25.96,1,3,1
605,11,247.25,120.11,28.95,20.41,1,3,1
605,12,264.53,113.07,27.24,15.29,1,3,1
606,8,403.20,197.33,70.33,54.34,1,3,1
606,9,346.67,153.60,52.20,34.07,1,3,1
606,10,403.20,112.00,41.53,26.60,1,3,1
606,11,248.53,120.53,27.67,21.27,1,3,1
606,12,266.67,113.07,26.60,15.93,1,3,1
607,8,404.91,198.61,70.97,54.98,1,3,1
607,9,348.80,153.81,52.63,35.14,1,3,1
607,10,401.92,110.93,40.68,27.03,1,3,1
607,11,249.17,120.75,28.31,21.48,1,3,1
607,12,267.95,113.28,26.60,15.93,1,3,1
608,8,406.61,199.89,71.62,55.62,1,3,1
608,9,350.93,154.03,53.06,36.20,1,3,1
608,10,400.64,109.87,39.83,27.45,1,3,1
608,11,249.81,120.96,28.95,21.69,1,3,1
608,12,269.23,113.49,26.60,15.94,1,3,1
609,8,408.32,201.17,72.25,56.26,1,3,1
609,9,353.07,154.24,53.48,37.27,1,3,1
609,10,399.36,108.80,38.97,27.88,1,3,1
609,11,250.45,121.17,29.59,21.91,1,3,1
609,12,270.51,113.71,26.60,15.93,1,3,1
610,8,410.03,202.45,72.89,56.90,1,3,1
610,9,355.20,154.45,53.91,38.34,1,3,1
610,10,398.08,107.73,38.12,28.31,1,3,1
610,11,251.09,121.39,30.23,22.12,1,3,1
610,12,271.79,113.92,26.60,15.93,1,3,1
611,8,411.73,203.73,73.54,57.54,1,3,1
611,9,357.33,154.67,54.34,39.40,1,3,1
611,10,396.80,106.67,37.27,28.73,1,3,1
611,11,251.73,121.60,30.87,22.33,1,3,1
611,12,273.07,114.13,26.60,15.94,1,3,1
612,8,413.23,204.37,73.74,58.60,1,3,1
612,9,359.04,155.73,55.40,39.19,1,3,1
612,10,395.09,107.31,37.70,27.45,1,3,1
612,11,252.37,122.24,31.51,21.91,1,3,1
612,12,274.99,114.77,27.02,16.36,1,3,1
613,8,414.72,205.01,73.96,59.67,1,3,1
613,9,360.75,156.80,56.46,38.97,1,3,1
613,10,393.39,107.95,38.12,26.17,1,3,1
613,11,253.01,122.88,32.15,21.48,1,3,1
613,12,276.91,115.41,27.45,16.79,1,3,1
614,8,416.21,205.65,74.18,60.74,1,3,1
614,9,362.45,157.87,57.54,38.76,1,3,1
614,10,391.68,108.59,38.55,24.89,1,3,1
614,11,253.65,123.52,32.79,21.05,1,3,1
614,12,278.83,116.05,27.88,17.22,1,3,1
615,8,417.71,206.29,74.38,61.80,1,3,1
615,9,364.16,158.93,58.60,38.55,1,3,1
615,10,389.97,109.23,38.98,23.61,1,3,1
615,11,254.29,124.16,33.43,20.63,1,3,1
615,12,280.75,116.69,28.30,17.64,1,3,1
616,8,419.20,206.93,74.60,62.87,1,3,1
616,9,365.87,160.00,59.66,38.33,1,3,1
616,10,388.27,109.87,39.40,22.33,1,3,1
616,11,254.93,124.80,34.07,20.20,1,3,1
616,12,282.67,117.33,28.73,18.07,1,3,1
617,8,419.63,208.00,76.30,63.51,1,3,1
617,9,368.64,160.85,60.31,38.55,1,3,1
617,10,387.63,109.01,38.12,22.98,1,3,1
617,11,255.79,124.80,34.06,21.05,1,3,1
617,12,283.95,117.55,28.52,18.49,1,3,1
618,8,420.05,209.07,78.02,64.14,1,3,1
618,9,371.41,161.71,60.95,38.76,1,3,1
618,10,386.99,108.16,36.84,23.61,1,3,1
618,11,256.64,124.80,34.07,21.91,1,3,1
618,12,285.23,117.76,28.30,18.92,1,3,1
619,8,420.48,210.13,79.72,64.79,1,3,1
619,9,374.19,162.56,61.58,38.97,1,3,1
619,10,386.35,107.31,35.56,24.25,1,3,1
619,11,257.49,124.80,34.07,22.76,1,3,1
619,12,286.51,117.97,28.09,19.35,1,3,1
620,8,420.91,211.20,81.42,65.43,1,3,1
620,9,376.96,163.41,62.23,39.19,1,3,1
620,10,385.71,106.45,34.28,24.90,1,3,1
620,11,258.35,124.80,34.06,23.61,1,3,1
620,12,287.79,118.19,27.88,19.77,1,3,1
621,8,421.33,212.27,83.14,66.06,1,3,1
621,9,379.73,164.27,62.87,39.40,1,3,1
621,10,385.07,105.60,33.00,25.53,1,3,1
621,11,259.20,124.80,34.07,24.47,1,3,1
621,12,289.07,118.40,27.66,20.20,1,3,1
622,8,423.04,213.55,82.92,66.06,1,3,1
622,9,382.29,165.55,62.87,40.25,1,3,1
622,10,383.57,106.24,33.00,24.68,1,3,1
622,11,260.05,125.23,33.64,24.46,1,3,1
622,12,289.28,119.25,29.80,20.42,1,3,1
623,8,424.75,214.83,82.70,66.06,1,3,1
623,9,384.85,166.83,62.87,41.10,1,3,1
623,10,382.08,106.88,33.00,23.83,1,3,1
623,11,260.91,125.65,33.21,24.47,1,3,1
623,12,289.49,120.11,31.94,20.62,1,3,1
624,8,426.45,216.11,82.50,66.06,1,3,1
624,9,387.41,168.11,62.87,41.96,1,3,1
624,10,380.59,107.52,33.00,22.97,1,3,1
624,11,261.76,126.08,32.79,24.47,1,3,1
624,12,289.71,120.96,34.06,20.84,1,3,1
625,8,428.16,217.39,82.28,66.06,1,3,1
625,9,389.97,169.39,62.87,42.81,1,3,1
625,10,379.09,108.16,33.00,22.12,1,3,1
625,11,262.61,126.51,32.36,24.46,1,3,1
625,12,289.92,121.81,36.20,21.06,1,3,1
626,8,429.87,218.67,82.06,66.06,1,3,1
626,9,392.53,170.67,62.87,43.66,1,3,1
626,10,377.60,108.80,33.00,21.27,1,3,1
626,11,263.47,126.93,31.93,24.47,1,3,1
626,12,290.13,122.67,38.34,21.26,1,3,1
627,8,430.08,219.73,83.13,67.35,1,3,1
627,9,395.09,172.37,65.00,43.46,1,3,1
627,10,376.32,108.16,33.21,21.91,1,3,1
627,11,263.89,127.57,33.00,24.68,1,3,1
627,12,291.63,123.09,38.97,22.12,1,3,1
628,8,430.29,220.80,84.20,68.63,1,3,1
628,9,397.65,174.08,67.14,43.24,1,3,1
628,10,375.04,107.52,33.43,22.55,1,3,1
628,11,264.32,128.21,34.07,24.90,1,3,1
628,12,293.12,123.52,39.61,22.97,1,3,1
629,8,430.51,221.87,85.26,69.90,1,3,1
629,9,400.21,175.79,69.27,43.02,1,3,1
629,10,373.76,106.88,33.64,23.19,1,3,1
629,11,264.75,128.85,35.13,25.11,1,3,1
629,12,294.61,123.95,40.26,23.82,1,3,1
630,8,430.72,222.93,86.33,71.19,1,3,1
630,9,402.77,177.49,71.40,42.82,1,3,1
630,10,372.48,106.24,33.85,23.83,1,3,1
630,11,265.17,129.49,36.20,25.32,1,3,1
630,12,296.11,124.37,40.89,24.68,1,3,1
631,8,430.93,224.00,87.40,72.47,1,3,1
631,9,405.33,179.20,73.54,42.60,1,3,1
631,10,371.20,105.60,34.07,24.47,1,3,1
631,11,265.60,130.13,37.27,25.54,1,3,1
631,12,297.60,124.80,41.53,25.53,1,3,1
632,8,432.43,225.71,87.82,72.04,1,3,1
632,9,408.75,180.05,74.17,42.60,1,3,1
632,10,369.92,105.17,34.07,24.47,1,3,1
632,11,266.88,130.77,38.55,25.32,1,3,1
632,12,300.59,125.01,41.53,25.75,1,3,1
633,8,433.92,227.41,88.25,71.62,1,3,1
633,9,412.16,180.91,74.81,42.60,1,3,1
633,10,368.64,104.75,34.07,24.46,1,3,1
633,11,268.16,131.41,39.83,25.11,1,3,1
633,12,303.57,125.23,41.54,25.96,1,3,1
634,8,435.41,229.12,88.68,71.19,1,3,1
634,9,415.57,181.76,75.46,42.60,1,3,1
634,10,367.36,104.32,34.07,24.47,1,3,1
634,11,269.44,132.05,41.11,24.90,1,3,1
634,12,306.56,125.44,41.53,26.17,1,3,1
635,8,436.91,230.83,89.10,70.76,1,3,1
635,9,418.99,182.61,76.09,42.60,1,3,1
635,10,366.08,103.89,34.07,24.47,1,3,1
635,11,270.72,132.69,42.39,24.68,1,3,1
635,12,309.55,125.65,41.53,26.39,1,3,1
636,8,438.40,232.53,89.53,70.34,1,3,1
636,9,422.40,183.47,76.73,42.60,1,3,1
636,10,364.80,103.47,34.07,24.46,1,3,1
636,11,272.00,133.33,43.67,24.47,1,3,1
636,12,312.53,125.87,41.54,26.60,1,3,1
637,8,439.47,233.60,88.89,70.55,1,3,1
637,9,426.45,184.53,77.38,44.10,1,3,1
637,10,364.37,103.47,34.07,23.82,1,3,1
637,11,273.71,133.55,43.02,24.89,1,3,1
637,12,315.52,126.72,41.11,27.03,1,3,1
638,8,440.53,234.67,88.26,70.76,1,3,1
638,9,430.51,185.60,78.01,45.59,1,3,1
638,10,363.95,103.47,34.06,23.18,1,3,1
638,11,275.41,133.76,42.39,25.32,1,3,1
638,12,318.51,127.57,40.68,27.46,1,3,1
639,8,441.60,235.73,87.61,70.98,1,3,1
639,9,434.56,186.67,78.65,47.08,1,3,1
639,10,363.52,103.47,34.07,22.54,1,3,1
639,11,277.12,133.97,41.75,25.75,1,3,1
639,12,321.49,128.43,40.26,27.88,1,3,1
640,8,442.67,236.80,86.97,71.19,1,3,1
640,9,438.61,187.73,79.30,48.58,1,3,1
640,10,363.09,103.47,34.07,21.90,1,3,1
640,11,278.83,134.19,41.10,26.17,1,3,1
640,12,324.48,129.28,39.83,28.31,1,3,1
641,8,443.73,237.87,86.34,71.40,1,3,1
641,9,442.67,188.80,79.93,50.07,1,3,1
641,10,362.67,103.47,34.06,21.26,1,3,1
641,11,280.53,134.40,40.47,26.60,1,3,1
641,12,327.47,130.13,39.40,28.74,1,3,1
642,8,444.59,238.72,86.54,73.32,1,3,1
642,9,446.72,190.08,81.85,50.71,1,3,1
642,10,363.09,103.47,33.22,21.69,1,3,1
642,11,281.81,135.04,40.90,26.81,1,3,1
642,12,330.03,131.41,40.68,28.31,1,3,1
643,8,445.44,239.57,86.76,75.24,1,3,1
643,9,450.77,191.36,83.78,51.35,1,3,1
643,10,363.52,103.47,32.36,22.12,1,3,1
643,11,283.09,135.68,41.32,27.03,1,3,1
643,12,332.59,132.69,41.96,27.88,1,3,1
644,8,446.29,240.43,86.98,77.16,1,3,1
644,9,454.83,192.64,85.69,51.99,1,3,1
644,10,363.95,103.47,31.50,22.54,1,3,1
644,11,284.37,136.32,41.75,27.24,1,3,1
644,12,335.15,133.97,43.24,27.46,1,3,1
645,8,447.15,241.28,87.18,79.08,1,3,1
645,9,458.88,193.92,87.61,52.63,1,3,1
645,10,364.37,103.47,30.66,22.97,1,3,1
645,11,285.65,136.96,42.18,27.45,1,3,1
645,12,337.71,135.25,44.52,27.03,1,3,1
646,8,448.00,242.13,87.40,81.00,1,3,1
646,9,462.93,195.20,89.54,53.27,1,3,1
646,10,364.80,103.47,29.80,23.40,1,3,1
646,11,286.93,137.60,42.60,27.67,1,3,1
646,12,340.27,136.53,45.80,26.60,1,3,1
647,8,449.07,243.41,86.97,81.22,1,3,1
647,9,467.63,196.27,91.24,55.18,1,3,1
647,10,363.73,102.83,30.02,23.61,1,3,1
647,11,288.64,138.45,42.60,27.67,1,3,1
647,12,343.25,137.39,47.08,27.66,1,3,1
648,8,450.13,244.69,86.55,81.43,1,3,1
648,9,472.32,197.33,92.95,57.11,1,3,1
648,10,362.67,102.19,30.22,23.82,1,3,1
648,11,290.35,139.31,42.60,27.66,1,3,1
648,12,346.24,138.24,48.36,28.73,1,3,1
649,8,451.20,245.97,86.12,81.64,1,3,1
649,9,477.01,198.40,94.66,59.03,1,3,1
649,10,361.60,101.55,30.44,24.04,1,3,1
649,11,292.05,140.16,42.60,27.67,1,3,1
649,12,349.23,139.09,49.64,29.80,1,3,1
650,8,452.27,247.25,85.69,81.86,1,3,1
650,9,481.71,199.47,96.36,60.94,1,3,1
650,10,360.53,100.91,30.66,24.25,1,3,1
650,11,293.76,141.01,42.60,27.67,1,3,1
650,12,352.21,139.95,50.92,30.86,1,3,1
651,8,453.33,248.53,85.27,82.07,1,3,1
651,9,486.40,200.53,98.07,62.87,1,3,1
651,10,359.47,100.27,30.86,24.46,1,3,1
651,11,295.47,141.87,42.60,27.66,1,3,1
651,12,355.20,140.80,52.20,31.93,1,3,1
652,8,453.97,250.24,84.42,82.49,1,3,1
652,9,492.59,203.52,98.28,62.23,1,3,1
652,10,359.25,100.91,30.44,23.40,1,3,1
652,11,298.03,142.29,41.96,27.46,1,3,1
652,12,359.04,142.08,52.63,31.72,1,3,1
653,8,454.61,251.95,83.56,82.92,1,3,1
653,9,498.77,206.51,98.50,61.58,1,3,1
653,10,359.04,101.55,30.01,22.33,1,3,1
653,11,300.59,142.72,41.32,27.24,1,3,1
653,12,362.88,143.36,53.05,31.51,1,3,1
654,8,455.25,253.65,82.71,83.35,1,3,1
654,9,504.96,209.49,98.71,60.95,1,3,1
654,10,358.83,102.19,29.58,21.26,1,3,1
654,11,303.15,143.15,40.68,27.02,1,3,1
654,12,366.72,144.64,53.48,31.29,1,3,1
655,8,455.89,255.36,81.86,83.77,1,3,1
655,9,511.15,212.48,98.92,60.31,1,3,1
655,10,358.61,102.83,29.16,20.20,1,3,1
655,11,305.71,143.57,40.04,26.82,1,3,1
655,12,370.56,145.92,53.91,31.08,1,3,1
656,8,456.53,257.07,81.00,84.20,1,3,1
656,9,517.33,215.47,99.14,59.66,1,3,1
656,10,358.40,103.47,28.73,19.13,1,3,1
656,11,308.27,144.00,39.40,26.60,1,3,1
656,12,374.40,147.20,54.33,30.87,1,3,1
657,8,456.96,258.56,80.57,85.91,1,3,1
657,9,523.09,217.17,102.76,61.59,1,3,1
657,10,357.76,102.83,28.95,19.34,1,3,1
657,11,309.12,144.64,41.11,26.60,1,3,1
657,12,379.09,148.05,55.19,31.51,1,3,1
658,8,457.39,260.05,80.14,87.62,1,3,1
658,9,528.85,218.88,106.39,63.51,1,3,1
658,10,357.12,102.19,29.16,19.56,1,3,1
658,11,309.97,145.28,42.82,26.60,1,3,1
658,12,383.79,148.91,56.04,32.14,1,3,1
659,8,457.81,261.55,79.72,89.32,1,3,1
659,9,534.61,220.59,110.02,65.42,1,3,1
659,10,356.48,101.55,29.37,19.77,1,3,1
659,11,310.83,145.92,44.52,26.60,1,3,1
659,12,388.48,149.76,56.89,32.79,1,3,1
660,8,458.24,263.04,79.29,91.03,1,3,1
660,9,540.37,222.29,113.64,67.35,1,3,1
660,10,355.84,100.91,29.59,19.98,1,3,1
660,11,311.68,146.56,46.23,26.60,1,3,1
660,12,393.17,150.61,57.75,33.43,1,3,1
661,8,458.67,264.53,78.86,92.74,1,3,1
661,9,546.13,224.00,117.27,69.27,1,3,1
661,10,355.20,100.27,29.80,20.20,1,3,1
661,11,312.53,147.20,47.94,26.60,1,3,1
661,12,397.87,151.47,58.60,34.06,1,3,1
662,8,458.03,265.39,79.72,94.44,1,3,1
662,9,553.60,226.99,118.97,71.18,1,3,1
662,10,354.99,100.27,29.58,20.41,1,3,1
662,11,314.67,147.63,48.14,27.88,1,3,1
662,12,402.77,152.96,60.10,35.35,1,3,1
663,8,457.39,266.24,80.57,96.15,1,3,1
663,9,561.07,229.97,120.68,73.11,1,3,1
663,10,354.77,100.27,29.38,20.62,1,3,1
663,11,316.80,148.05,48.36,29.16,1,3,1
663,12,407.68,154.45,61.59,36.63,1,3,1
664,8,456.75,267.09,81.42,97.86,1,3,1
664,9,568.53,232.96,122.39,75.03,1,3,1
664,10,354.56,100.27,29.16,20.84,1,3,1
664,11,318.93,148.48,48.58,30.44,1,3,1
664,12,412.59,155.95,63.08,37.90,1,3,1
665,8,456.11,267.95,82.28,99.56,1,3,1
665,9,576.00,235.95,124.09,76.94,1,3,1
665,10,354.35,100.27,28.94,21.05,1,3,1
665,11,321.07,148.91,48.78,31.72,1,3,1
665,12,417.49,157.44,64.58,39.19,1,3,1
666,8,455.47,268.80,83.13,101.27,1,3,1
666,9,583.47,238.93,125.80,78.87,1,3,1
666,10,354.13,100.27,28.74,21.26,1,3,1
666,11,323.20,149.33,49.00,33.00,1,3,1
666,12,422.40,158.93,66.07,40.47,1,3,1
667,8,454.40,270.72,84.20,101.69,1,3,1
667,9,590.51,242.13,130.70,81.00,1,3,1
667,10,353.49,100.48,28.74,20.41,1,3,1
667,11,324.91,150.61,49.64,32.58,1,3,1
667,12,428.16,161.07,68.20,41.32,1,3,1
668,8,453.33,272.64,85.27,102.12,1,3,1
668,9,597.55,245.33,135.61,83.14,1,3,1
668,10,352.85,100.69,28.74,19.56,1,3,1
668,11,326.61,151.89,50.28,32.15,1,3,1
668,12,433.92,163.20,70.33,42.17,1,3,1
669,8,452.27,274.56,86.33,102.55,1,3,1
669,9,604.59,248.53,140.52,85.27,1,3,1
669,10,352.21,100.91,28.74,18.70,1,3,1
669,11,328.32,153.17,50.92,31.72,1,3,1
669,12,439.68,165.33,72.47,43.03,1,3,1
670,8,451.20,276.48,87.40,102.97,1,3,1
670,9,611.63,251.73,145.42,87.40,1,3,1
670,10,351.57,101.12,28.74,17.85,1,3,1
670,11,330.03,154.45,51.56,31.30,1,3,1
670,12,445.44,167.47,74.60,43.88,1,3,1
671,8,450.13,278.40,88.47,103.40,1,3,1
671,9,618.67,254.93,150.33,89.54,1,3,1
671,10,350.93,101.33,28.74,17.00,1,3,1
671,11,331.73,155.73,52.20,30.87,1,3,1
671,12,451.20,169.60,76.73,44.73,1,3,1
672,8,450.56,280.96,87.19,103.61,1,3,1
672,9,628.69,258.35,155.46,92.30,1,3,1
672,10,350.72,101.76,28.09,17.64,1,3,1
672,11,333.44,156.80,53.27,31.08,1,3,1
672,12,458.24,171.31,79.08,46.44,1,3,1
673,8,450.99,283.52,85.90,103.83,1,3,1
673,9,638.72,261.76,160.57,95.08,1,3,1
673,10,350.51,102.19,27.45,18.28,1,3,1
673,11,335.15,157.87,54.33,31.29,1,3,1
673,12,465.28,173.01,81.43,48.15,1,3,1
674,8,451.41,286.08,84.63,104.04,1,3,1
674,9,648.75,265.17,165.69,97.86,1,3,1
674,10,350.29,102.61,26.82,18.92,1,3,1
674,11,336.85,158.93,55.40,31.51,1,3,1
674,12,472.32,174.72,83.77,49.85,1,3,1
675,8,451.84,288.64,83.35,104.25,1,3,1
675,9,658.77,268.59,170.82,100.62,1,3,1
675,10,350.08,103.04,26.17,19.56,1,3,1
675,11,338.56,160.00,56.47,31.72,1,3,1
675,12,479.36,176.43,86.12,51.56,1,3,1
676,8,452.27,291.20,82.06,104.47,1,3,1
676,9,668.80,272.00,175.93,103.40,1,3,1
676,10,349.87,103.47,25.53,20.20,1,3,1
676,11,340.27,161.07,57.53,31.93,1,3,1
676,12,486.40,178.13,88.47,53.27,1,3,1
676,13,234.67,109.87,24.46,15.93,1,3,1
677,8,450.56,292.48,83.99,106.39,1,3,1
677,9,680.53,276.91,183.19,106.60,1,3,1
677,10,350.08,103.47,24.89,19.34,1,3,1
677,11,342.83,161.71,57.74,33.42,1,3,1
677,12,494.51,180.91,92.09,54.33,1,3,1
677,13,235.52,109.23,24.47,16.78,1,3,1
678,8,448.85,293.76,85.91,108.31,1,3,1
678,9,692.27,281.81,190.44,109.80,1,3,1
678,10,350.29,103.47,24.26,18.49,1,3,1
678,11,345.39,162.35,57.96,34.92,1,3,1
678,12,502.61,183.68,95.72,55.40,1,3,1
678,13,236.37,108.59,24.47,17.64,1,3,1
679,8,447.15,295.04,87.82,110.23,1,3,1
679,9,704.00,286.72,197.69,113.00,1,3,1
679,10,350.51,103.47,23.61,17.64,1,3,1
679,11,347.95,162.99,58.17,36.41,1,3,1
679,12,510.72,186.45,99.35,56.47,1,3,1
679,13,237.23,107.95,24.46,18.49,1,3,1
680,8,445.44,296.32,89.75,112.15,1,3,1
680,9,715.73,291.63,204.95,116.20,1,3,1
680,10,350.72,103.47,22.97,16.78,1,3,1
680,11,350.51,163.63,58.38,37.90,1,3,1
680,12,518.83,189.23,102.97,57.53,1,3,1
680,13,238.08,107.31,24.47,19.34,1,3,1
681,8,443.73,297.60,91.67,114.07,1,3,1
681,9,727.47,296.53,212.20,119.40,1,3,1
681,10,350.93,103.47,22.34,15.93,1,3,1
681,11,353.07,164.27,58.60,39.40,1,3,1
681,12,526.93,192.00,106.60,58.60,1,3,1
681,13,238.93,106.67,24.47,20.20,1,3,1
682,8,442.67,299.31,91.66,115.34,1,3,1
682,9,742.83,302.08,200.04,122.17,1,3,1
682,10,350.08,103.25,22.55,16.15,1,3,1
682,11,355.63,165.12,59.66,39.40,1,3,1
682,12,537.81,194.56,109.38,60.52,1,3,1
682,13,239.57,107.09,23.83,19.35,1,3,1
683,8,441.60,301.01,91.67,116.63,1,3,1
683,9,758.19,307.63,187.88,124.94,1,3,1
683,10,349.23,103.04,22.76,16.36,1,3,1
683,11,358.19,165.97,60.73,39.40,1,3,1
683,12,548.69,197.12,112.15,62.44,1,3,1
683,13,240.21,107.52,23.19,18.49,1,3,1
684,8,440.53,302.72,91.67,117.91,1,3,1
684,9,773.55,313.17,187.45,127.72,1,3,1
684,10,348.37,102.83,22.98,16.57,1,3,1
684,11,360.75,166.83,61.80,39.40,1,3,1
684,12,559.57,199.68,114.92,64.36,1,3,1
684,13,240.85,107.95,22.55,17.64,1,3,1
685,8,439.47,304.43,91.66,119.18,1,3,1
685,9,788.91,318.72,172.09,130.49,1,3,1
685,10,347.52,102.61,23.19,16.79,1,3,1
685,11,363.31,167.68,62.86,39.40,1,3,1
685,12,570.45,202.24,117.70,66.28,1,3,1
685,13,241.49,108.37,21.91,16.79,1,3,1
686,8,438.40,306.13,91.67,120.47,1,3,1
686,9,804.27,324.27,156.73,133.26,1,3,1
686,10,346.67,102.40,23.40,17.00,1,3,1
686,11,365.87,168.53,63.93,39.40,1,3,1
686,12,581.33,204.80,120.47,68.20,1,3,1
686,13,242.13,108.80,21.27,15.93,1,3,1
687,8,438.19,308.48,92.30,120.47,1,3,1
687,9,821.12,331.31,139.88,126.86,1,3,1
687,10,346.88,102.19,23.40,16.78,1,3,1
687,11,368.43,169.17,65.00,39.83,1,3,1
687,12,594.35,208.85,126.22,70.12,1,3,1
687,13,242.56,109.23,21.27,15.93,1,3,1
688,8,437.97,310.83,92.95,120.46,1,3,1
688,9,837.97,338.35,123.03,120.46,1,3,1
688,10,347.09,101.97,23.40,16.58,1,3,1
688,11,370.99,169.81,66.06,40.26,1,3,1
688,12,607.36,212.91,131.99,72.04,1,3,1
688,13,242.99,109.65,21.26,15.94,1,3,1
689,8,437.76,313.17,93.59,120.47,1,3,1
689,9,854.83,345.39,106.17,114.06,1,3,1
689,10,347.31,101.76,23.40,16.36,1,3,1
689,11,373.55,170.45,67.13,40.68,1,3,1
689,12,620.37,216.96,137.75,73.96,1,3,1
689,13,243.41,110.08,21.27,15.93,1,3,1
690,8,437.55,315.52,94.22,120.47,1,3,1
690,9,871.68,352.43,89.32,107.66,1,3,1
690,10,347.52,101.55,23.40,16.14,1,3,1
690,11,376.11,171.09,68.20,41.11,1,3,1
690,12,633.39,221.01,143.50,75.88,1,3,1
690,13,243.84,110.51,21.27,15.93,1,3,1
691,8,437.33,317.87,94.87,120.46,1,3,1
691,9,888.53,359.47,72.47,101.26,1,3,1
691,10,347.73,101.33,23.40,15.94,1,3,1
691,11,378.67,171.73,69.26,41.54,1,3,1
691,12,646.40,225.07,149.27,77.80,1,3,1
691,13,244.27,110.93,21.26,15.94,1,3,1
691,14,216.53,105.60,22.34,15.93,1,3,1
692,8,436.05,320.21,95.72,122.82,1,3,1
692,10,347.73,101.33,23.19,16.15,1,3,1
692,11,382.08,173.44,70.12,42.81,1,3,1
692,12,664.75,230.83,156.09,80.78,1,3,1
692,13,244.69,110.93,21.70,16.15,1,3,1
692,14,217.17,105.81,22.55,16.15,1,3,1
693,8,434.77,322.56,96.58,125.16,1,3,1
693,10,347.73,101.33,22.98,16.36,1,3,1
693,11,385.49,175.15,70.98,44.09,1,3,1
693,12,683.09,236.59,162.92,83.77,1,3,1
693,13,245.12,110.93,22.12,16.36,1,3,1
693,14,217.81,106.03,22.76,16.36,1,3,1
694,8,433.49,324.91,97.43,127.50,1,3,1
694,10,347.73,101.33,22.76,16.58,1,3,1
694,11,388.91,176.85,71.82,45.38,1,3,1
694,12,701.44,242.35,169.75,86.76,1,3,1
694,13,245.55,110.93,22.54,16.58,1,3,1
694,14,218.45,106.24,22.98,16.57,1,3,1
695,8,432.21,327.25,98.28,129.86,1,3,1
695,10,347.73,101.33,22.55,16.79,1,3,1
695,11,392.32,178.56,72.68,46.65,1,3,1
695,12,719.79,248.11,176.57,89.74,1,3,1
695,13,245.97,110.93,22.98,16.79,1,3,1
695,14,219.09,106.45,23.19,16.79,1,3,1
696,8,430.93,329.60,99.14,132.20,1,3,1
696,10,347.73,101.33,22.34,17.00,1,3,1
696,11,395.73,180.27,73.54,47.93,1,3,1
696,12,738.13,253.87,183.40,92.73,1,3,1
696,13,246.40,110.93,23.40,17.00,1,3,1
696,14,219.73,106.67,23.40,17.00,1,3,1
697,8,429.23,331.09,100.62,136.04,1,3,1
697,10,347.31,101.55,22.12,16.14,1,3,1
697,11,399.79,181.55,74.17,48.36,1,3,1
697,12,760.75,260.27,167.40,92.94,1,3,1
697,13,246.83,111.36,23.40,16.57,1,3,1
697,14,219.95,106.88,23.18,16.79,1,3,1
698,8,427.52,332.59,102.12,139.88,1,3,1
698,10,346.88,101.76,21.91,15.29,1,3,1
698,11,403.84,182.83,74.81,48.78,1,3,1
698,12,783.36,266.67,151.40,93.16,1,3,1
698,13,247.25,111.79,23.40,16.14,1,3,1
698,14,220.16,107.09,22.97,16.58,1,3,1
699,8,425.81,334.08,103.62,143.72,1,3,1
699,10,346.45,101.97,21.70,14.44,1,3,1
699,11,407.89,184.11,75.46,49.21,1,3,1
699,12,805.97,273.07,135.40,93.37,1,3,1
699,13,247.68,112.21,23.40,15.72,1,3,1
699,14,220.37,107.31,22.76,16.36,1,3,1
700,8,424.11,335.57,105.10,147.56,1,3,1
700,10,346.03,102.19,21.48,13.58,1,3,1
700,11,411.95,185.39,76.09,49.64,1,3,1
700,12,828.59,279.47,119.40,93.58,1,3,1
700,13,248.11,112.64,23.40,15.29,1,3,1
700,14,220.59,107.52,22.54,16.15,1,3,1
701,8,422.40,337.07,106.60,151.40,1,3,1
701,10,345.60,102.40,21.27,12.73,1,3,1
701,11,416.00,186.67,76.73,50.06,1,3,1
701,12,851.20,285.87,109.80,93.80,1,3,1
701,13,248.53,113.07,23.40,14.86,1,3,1
701,14,220.80,107.73,22.33,15.94,1,3,1
702,8,421.97,339.84,108.31,151.61,1,3,1
702,10,345.39,101.97,21.69,13.16,1,3,1
702,11,419.84,188.80,78.87,50.92,1,3,1
702,13,248.96,112.85,24.04,15.51,1,3,1
702,14,220.80,107.95,22.76,16.14,1,3,1
703,8,421.55,342.61,110.01,151.83,1,3,1
703,10,345.17,101.55,22.12,13.58,1,3,1
703,11,423.68,190.93,81.00,51.78,1,3,1
703,13,249.39,112.64,24.68,16.15,1,3,1
703,14,220.80,108.16,23.19,16.36,1,3,1
704,8,421.12,345.39,111.72,152.04,1,3,1
704,10,344.96,101.12,22.55,14.01,1,3,1
704,11,427.52,193.07,83.13,52.62,1,3,1
704,13,249.81,112.43,25.32,16.78,1,3,1
704,14,220.80,108.37,23.61,16.58,1,3,1
705,8,420.69,348.16,113.43,152.25,1,3,1
705,10,344.75,100.69,22.97,14.44,1,3,1
705,11,431.36,195.20,85.27,53.48,1,3,1
705,13,250.24,112.21,25.96,17.43,1,3,1
705,14,220.80,108.59,24.04,16.78,1,3,1
706,8,420.27,350.93,115.13,152.47,1,3,1
706,10,344.53,100.27,23.40,14.86,1,3,1
706,11,435.20,197.33,87.40,54.34,1,3,1
706,13,250.67,112.00,26.60,18.07,1,3,1
706,14,220.80,108.80,24.47,17.00,1,3,1
707,8,420.48,352.64,115.13,155.67,1,3,1
707,10,345.17,100.05,22.76,15.08,1,3,1
707,11,440.32,198.83,88.89,55.40,1,3,1
707,13,251.31,112.00,26.17,18.28,1,3,1
707,14,221.87,109.23,24.25,15.93,1,3,1
708,8,420.69,354.35,115.14,158.86,1,3,1
708,10,345.81,99.84,22.12,15.29,1,3,1
708,11,445.44,200.32,90.39,56.47,1,3,1
708,13,251.95,112.00,25.74,18.49,1,3,1
708,14,222.93,109.65,24.04,14.87,1,3,1
709,8,420.91,356.05,115.13,162.07,1,3,1
709,10,346.45,99.63,21.48,15.50,1,3,1
709,11,450.56,201.81,91.88,57.54,1,3,1
709,13,252.59,112.00,25.32,18.71,1,3,1
709,14,224.00,110.08,23.83,13.80,1,3,1
710,8,421.12,357.76,115.13,165.27,1,3,1
710,10,347.09,99.41,20.84,15.72,1,3,1
710,11,455.68,203.31,93.37,58.60,1,3,1
710,13,253.23,112.00,24.89,18.92,1,3,1
710,14,225.07,110.51,23.61,12.73,1,3,1
711,8,421.33,359.47,115.14,168.46,1,3,1
711,10,347.73,99.20,20.20,15.93,1,3,1
711,11,460.80,204.80,94.87,59.67,1,3,1
711,13,253.87,112.00,24.46,19.13,1,3,1
711,14,226.13,110.93,23.40,11.67,1,3,1
712,8,420.27,362.24,118.12,167.61,1,3,1
712,10,347.95,98.77,19.98,15.94,1,3,1
712,11,466.35,206.29,96.78,61.38,1,3,1
712,13,254.51,112.21,24.89,18.71,1,3,1
712,14,226.77,110.72,23.40,12.52,1,3,1
713,8,419.20,365.01,121.11,166.76,1,3,1
713,10,348.16,98.35,19.77,15.93,1,3,1
713,11,471.89,207.79,98.71,63.08,1,3,1
713,13,255.15,112.43,25.32,18.28,1,3,1
713,14,227.41,110.51,23.40,13.37,1,3,1
714,8,418.13,367.79,124.10,165.90,1,3,1
714,10,348.37,97.92,19.56,15.93,1,3,1
714,11,477.44,209.28,100.63,64.79,1,3,1
714,13,255.79,112.64,25.74,17.85,1,3,1
714,14,228.05,110.29,23.40,14.23,1,3,1
715,8,417.07,370.56,127.08,170.44,1,3,1
715,10,348.59,97.49,19.34,15.94,1,3,1
715,11,482.99,210.77,102.54,66.50,1,3,1
715,13,256.43,112.85,26.17,17.43,1,3,1
715,14,228.69,110.08,23.40,15.08,1,3,1
716,8,416.00,373.33,130.07,167.67,1,3,1
716,10,348.80,97.07,19.13,15.93,1,3,1
716,11,488.53,212.27,104.47,68.20,1,3,1
716,13,257.07,113.07,26.60,17.00,1,3,1
716,14,229.33,109.87,23.40,15.93,1,3,1
717,8,416.21,375.68,131.35,165.32,1,3,1
717,10,348.59,96.85,19.34,16.36,1,3,1
717,11,494.72,215.04,107.67,69.48,1,3,1
717,13,257.28,113.49,26.60,16.79,1,3,1
717,14,229.76,110.08,23.19,15.72,1,3,1
718,8,416.43,378.03,132.62,162.97,1,3,1
718,10,348.37,96.64,19.56,16.79,1,3,1
718,11,500.91,217.81,110.86,70.76,1,3,1
718,13,257.49,113.92,26.60,16.57,1,3,1
718,14,230.19,110.29,22.97,15.51,1,3,1
719,8,416.64,380.37,133.91,160.63,1,3,1
719,10,348.16,96.43,19.77,17.21,1,3,1
719,11,507.09,220.59,114.07,72.04,1,3,1
719,13,257.71,114.35,26.60,16.36,1,3,1
719,14,230.61,110.51,22.76,15.29,1,3,1
720,8,416.85,382.72,135.19,158.28,1,3,1
720,10,347.95,96.21,19.98,17.64,1,3,1
720,11,513.28,223.36,117.27,73.32,1,3,1
720,13,257.92,114.77,26.60,16.15,1,3,1
720,14,231.04,110.72,22.55,15.08,1,3,1
721,8,417.07,385.07,136.46,155.93,1,3,1
721,10,347.73,96.00,20.20,18.07,1,3,1
721,11,519.47,226.13,120.46,74.60,1,3,1
721,13,258.13,115.20,26.60,15.93,1,3,1
721,14,231.47,110.93,22.33,14.87,1,3,1
722,8,418.77,388.69,136.68,152.31,1,3,1
722,10,348.16,96.64,19.56,17.00,1,3,1
722,11,527.36,229.33,124.09,76.31,1,3,1
722,13,258.99,115.20,26.38,16.15,1,3,1
722,14,232.32,111.15,22.12,14.86,1,3,1
723,8,420.48,392.32,136.89,148.68,1,3,1
723,10,348.59,97.28,18.92,15.93,1,3,1
723,11,535.25,232.53,127.72,78.02,1,3,1
723,13,259.84,115.20,26.17,16.36,1,3,1
723,14,233.17,111.36,21.91,14.87,1,3,1
724,8,422.19,395.95,137.10,145.05,1,3,1
724,10,349.01,97.92,18.28,14.87,1,3,1
724,11,543.15,235.73,131.34,79.72,1,3,1
724,13,260.69,115.20,25.96,16.57,1,3,1
724,14,234.03,111.57,21.69,14.87,1,3,1
725,8,423.89,399.57,137.32,141.43,1,3,1
725,10,349.44,98.56,17.64,13.80,1,3,1
725,11,551.04,238.93,134.97,81.43,1,3,1
725,13,261.55,115.20,25.74,16.79,1,3,1
725,14,234.88,111.79,21.48,14.86,1,3,1
726,8,425.60,403.20,137.53,137.80,1,3,1
726,10,349.87,99.20,17.00,12.73,1,3,1
726,11,558.93,242.13,138.60,83.14,1,3,1
726,13,262.40,115.20,25.53,17.00,1,3,1
726,14,235.73,112.00,21.27,14.87,1,3,1
727,8,426.03,406.40,138.81,134.60,1,3,1
727,10,349.87,98.56,17.85,13.37,1,3,1
727,11,567.47,245.33,143.08,85.27,1,3,1
727,13,263.04,115.20,26.60,17.64,1,3,1
727,14,235.95,111.79,21.69,15.08,1,3,1
728,8,426.45,409.60,140.10,131.40,1,3,1
728,10,349.87,97.92,18.70,14.01,1,3,1
728,11,576.00,248.53,147.56,87.40,1,3,1
728,13,263.68,115.20,27.67,18.28,1,3,1
728,14,236.16,111.57,22.12,15.30,1,3,1
729,8,426.88,412.80,141.37,128.20,1,3,1
729,10,349.87,97.28,19.56,14.65,1,3,1
729,11,584.53,251.73,152.04,89.54,1,3,1
729,13,264.32,115.20,28.73,18.92,1,3,1
729,14,236.37,111.36,22.55,15.51,1,3,1
730,8,427.31,416.00,142.65,125.00,1,3,1
730,10,349.87,96.64,20.41,15.29,1,3,1
730,11,593.07,254.93,156.52,91.67,1,3,1
730,13,264.96,115.20,29.80,19.56,1,3,1
730,14,236.59,111.15,22.97,15.72,1,3,1
731,8,427.73,419.20,143.94,121.80,1,3,1
731,10,349.87,96.00,21.26,15.93,1,3,1
731,11,601.60,258.13,161.00,93.80,1,3,1
731,13,265.60,115.20,30.87,20.20,1,3,1
731,14,236.80,110.93,23.40,15.94,1,3,1
732,8,427.95,422.19,144.78,118.81,1,3,1
732,10,349.87,96.21,20.62,15.51,1,3,1
732,11,612.69,262.83,166.76,96.78,1,3,1
732,13,266.24,115.41,30.65,20.20,1,3,1
732,14,237.44,111.57,23.19,15.72,1,3,1
733,8,428.16,425.17,145.64,115.83,1,3,1
733,10,349.87,96.43,19.98,15.08,1,3,1
733,11,623.79,267.52,172.52,99.77,1,3,1
733,13,266.88,115.63,30.44,20.20,1,3,1
733,14,238.08,112.21,22.97,15.51,1,3,1
734,8,428.37,428.16,146.50,112.84,1,3,1
734,10,349.87,96.64,19.34,14.65,1,3,1
734,11,634.88,272.21,178.28,102.76,1,3,1
734,13,267.52,115.84,30.23,20.20,1,3,1
734,14,238.72,112.85,22.76,15.30,1,3,1
735,8,428.59,431.15,147.34,109.85,1,3,1
735,10,349.87,96.85,18.70,14.23,1,3,1
735,11,645.97,276.91,184.04,105.74,1,3,1
735,13,268.16,116.05,30.01,20.20,1,3,1
735,14,239.36,113.49,22.55,15.08,1,3,1
736,8,428.80,434.13,148.20,106.87,1,3,1
736,10,349.87,97.07,18.06,13.80,1,3,1
736,11,657.07,281.60,189.80,108.73,1,3,1
736,13,268.80,116.27,29.80,20.20,1,3,1
736,14,240.00,114.13,22.33,14.87,1,3,1
737,8,430.29,437.55,146.71,103.45,1,3,1
737,10,350.51,97.28,17.42,13.80,1,3,1
737,11,670.93,286.72,195.35,112.79,1,3,1
737,13,270.29,116.69,28.74,19.78,1,3,1
737,14,240.64,114.35,22.55,14.86,1,3,1
738,8,431.79,440.96,145.21,100.04,1,3,1
738,10,351.15,97.49,16.78,13.80,1,3,1
738,11,684.80,291.84,200.89,116.84,1,3,1
738,13,271.79,117.12,27.66,19.35,1,3,1
738,14,241.28,114.56,22.76,14.87,1,3,1
739,8,433.28,444.37,143.72,96.63,1,3,1
739,10,351.79,97.71,16.14,13.80,1,3,1
739,11,698.67,296.96,206.44,120.89,1,3,1
739,13,273.28,117.55,26.60,18.92,1,3,1
739,14,241.92,114.77,22.97,14.87,1,3,1
740,8,434.77,447.79,142.23,93.21,1,3,1
740,10,352.43,97.92,15.50,13.80,1,3,1
740,11,712.53,302.08,211.99,124.95,1,3,1
740,13,274.77,117.97,25.54,18.50,1,3,1
740,14,242.56,114.99,23.19,14.86,1,3,1
741,8,436.27,451.20,140.73,89.80,1,3,1
741,10,353.07,98.13,14.86,13.80,1,3,1
741,11,726.40,307.20,217.53,129.00,1,3,1
741,13,276.27,118.40,24.46,18.07,1,3,1
741,14,243.20,115.20,23.40,14.87,1,3,1
742,8,437.33,454.40,140.47,86.60,1,3,1
742,10,350.93,97.87,17.27,14.60,1,3,1
742,11,741.87,313.07,204.46,133.80,1,3,1
742,13,276.80,118.67,25.27,18.86,1,3,1
742,14,244.27,114.93,23.66,16.20,1,3,1
743,8,438.40,457.60,140.20,83.40,1,3,1
743,10,348.80,97.60,19.67,15.40,1,3,1
743,11,757.33,318.93,191.40,138.60,1,3,1
743,13,277.33,118.93,26.07,19.67,1,3,1
743,14,245.33,114.67,23.94,17.53,1,3,1
744,8,439.47,460.80,139.93,80.20,1,3,1
744,10,346.67,97.33,22.06,16.20,1,3,1
744,11,772.80,324.80,188.20,143.40,1,3,1
744,13,277.87,119.20,26.86,20.47,1,3,1
744,14,246.40,114.40,24.20,18.87,1,3,1
745,8,440.53,464.00,139.67,77.00,1,3,1
745,10,344.53,97.07,24.47,17.00,1,3,1
745,11,788.27,330.67,172.73,148.20,1,3,1
745,13,278.40,119.47,27.67,21.26,1,3,1
745,14,247.47,114.13,24.46,20.20,1,3,1
